0.0000000000 	 1.0000000000 	 0.0000000000 	 0.0000000000
0.0200000000 	 0.9999000025 	 0.0099995000 	 0.0000499983
0.0400000000 	 0.9996000400 	 0.0199960003 	 0.0001999733
0.0600000000 	 0.9991002025 	 0.0299865020 	 0.0004498650
0.0800000000 	 0.9984006399 	 0.0399680085 	 0.0007995734
0.1000000000 	 0.9975015621 	 0.0499375260 	 0.0012489587
0.1200000000 	 0.9964032387 	 0.0598920648 	 0.0017978410
0.1400000000 	 0.9951059992 	 0.0698286400 	 0.0024460008
0.1600000000 	 0.9936102327 	 0.0797442729 	 0.0031931788
0.1800000000 	 0.9919163877 	 0.0896359917 	 0.0040390761
0.2000000000 	 0.9900249722 	 0.0995008326 	 0.0049833542
0.2200000000 	 0.9879365533 	 0.1093358407 	 0.0060256352
0.2400000000 	 0.9856517571 	 0.1191380711 	 0.0071655021
0.2600000000 	 0.9831712686 	 0.1289045898 	 0.0084024988
0.2800000000 	 0.9804958311 	 0.1386324746 	 0.0097361300
0.3000000000 	 0.9776262465 	 0.1483188163 	 0.0111658619
0.3200000000 	 0.9745633747 	 0.1579607195 	 0.0126911223
0.3400000000 	 0.9713081332 	 0.1675553037 	 0.0143113002
0.3600000000 	 0.9678614971 	 0.1770997040 	 0.0160257471
0.3800000000 	 0.9642244986 	 0.1865910722 	 0.0178337761
0.4000000000 	 0.9603982267 	 0.1960265780 	 0.0197346631
0.4200000000 	 0.9563838267 	 0.2054034094 	 0.0217276466
0.4400000000 	 0.9521825001 	 0.2147187741 	 0.0238119278
0.4600000000 	 0.9477955040 	 0.2239699004 	 0.0259866716
0.4800000000 	 0.9432241507 	 0.2331540376 	 0.0282510061
0.5000000000 	 0.9384698072 	 0.2422684577 	 0.0306040235
0.5200000000 	 0.9335338952 	 0.2513104556 	 0.0330447802
0.5400000000 	 0.9284178897 	 0.2602773505 	 0.0355722972
0.5600000000 	 0.9231233195 	 0.2691664864 	 0.0381855604
0.5800000000 	 0.9176517662 	 0.2779752334 	 0.0408835213
0.6000000000 	 0.9120048635 	 0.2867009881 	 0.0436650967
0.6200000000 	 0.9061842971 	 0.2953411748 	 0.0465291700
0.6400000000 	 0.9001918039 	 0.3038932463 	 0.0494745909
0.6600000000 	 0.8940291715 	 0.3123546847 	 0.0525001761
0.6800000000 	 0.8876982374 	 0.3207230021 	 0.0556047099
0.7000000000 	 0.8812008886 	 0.3289957415 	 0.0587869444
0.7200000000 	 0.8745390611 	 0.3371704780 	 0.0620455999
0.7400000000 	 0.8677147388 	 0.3452448187 	 0.0653793659
0.7600000000 	 0.8607299534 	 0.3532164046 	 0.0687869009
0.7800000000 	 0.8535867832 	 0.3610829105 	 0.0722668335
0.8000000000 	 0.8462873528 	 0.3688420461 	 0.0758177625
0.8200000000 	 0.8388338322 	 0.3764915568 	 0.0794382576
0.8400000000 	 0.8312284361 	 0.3840292243 	 0.0831268598
0.8600000000 	 0.8234734234 	 0.3914528675 	 0.0868820825
0.8800000000 	 0.8155710959 	 0.3987603430 	 0.0907024110
0.9000000000 	 0.8075237981 	 0.4059495461 	 0.0945863043
0.9200000000 	 0.7993339163 	 0.4130184110 	 0.0985321945
0.9400000000 	 0.7910038775 	 0.4199649120 	 0.1025384884
0.9600000000 	 0.7825361488 	 0.4267870638 	 0.1066035675
0.9800000000 	 0.7739332369 	 0.4334829225 	 0.1107257887
1.0000000000 	 0.7651976866 	 0.4400505857 	 0.1149034849
1.0200000000 	 0.7563320805 	 0.4464881937 	 0.1191349661
1.0400000000 	 0.7473390380 	 0.4527939297 	 0.1234185191
1.0600000000 	 0.7382212143 	 0.4589660204 	 0.1277524091
1.0800000000 	 0.7289812997 	 0.4650027369 	 0.1321348797
1.1000000000 	 0.7196220185 	 0.4709023949 	 0.1365641540
1.1200000000 	 0.7101461285 	 0.4766633554 	 0.1410384347
1.1400000000 	 0.7005564196 	 0.4822840254 	 0.1455559056
1.1600000000 	 0.6908557131 	 0.4877628579 	 0.1501147315
1.1800000000 	 0.6810468609 	 0.4930983528 	 0.1547130592
1.2000000000 	 0.6711327443 	 0.4982890576 	 0.1593490183
1.2200000000 	 0.6611162732 	 0.5033335670 	 0.1640207219
1.2400000000 	 0.6510003853 	 0.5082305244 	 0.1687262670
1.2600000000 	 0.6407880447 	 0.5129786215 	 0.1734637355
1.2800000000 	 0.6304822412 	 0.5175765991 	 0.1782311948
1.3000000000 	 0.6200859896 	 0.5220232474 	 0.1830266988
1.3200000000 	 0.6096023279 	 0.5263174066 	 0.1878482881
1.3400000000 	 0.5990343173 	 0.5304579667 	 0.1926939912
1.3600000000 	 0.5883850403 	 0.5344438684 	 0.1975618250
1.3800000000 	 0.5776576004 	 0.5382741033 	 0.2024497957
1.4000000000 	 0.5668551204 	 0.5419477139 	 0.2073558995
1.4200000000 	 0.5559807420 	 0.5454637943 	 0.2122781232
1.4400000000 	 0.5450376245 	 0.5488214902 	 0.2172144452
1.4600000000 	 0.5340289437 	 0.5520199991 	 0.2221628360
1.4800000000 	 0.5229578908 	 0.5550585710 	 0.2271212592
1.5000000000 	 0.5118276717 	 0.5579365079 	 0.2320876721
1.5200000000 	 0.5006415057 	 0.5606531647 	 0.2370600268
1.5400000000 	 0.4894026243 	 0.5632079488 	 0.2420362702
1.5600000000 	 0.4781142705 	 0.5656003207 	 0.2470143458
1.5800000000 	 0.4667796975 	 0.5678297940 	 0.2519921936
1.6000000000 	 0.4554021676 	 0.5698959353 	 0.2569677514
1.6200000000 	 0.4439849515 	 0.5717983645 	 0.2619389553
1.6400000000 	 0.4325313267 	 0.5735367552 	 0.2669037407
1.6600000000 	 0.4210445767 	 0.5751108341 	 0.2718600427
1.6800000000 	 0.4095279902 	 0.5765203816 	 0.2768057974
1.7000000000 	 0.3979848594 	 0.5777652315 	 0.2817389424
1.7200000000 	 0.3864184797 	 0.5788452713 	 0.2866574172
1.7400000000 	 0.3748321477 	 0.5797604420 	 0.2915591649
1.7600000000 	 0.3632291612 	 0.5805107381 	 0.2964421321
1.7800000000 	 0.3516128171 	 0.5810962075 	 0.3013042700
1.8000000000 	 0.3399864110 	 0.5815169517 	 0.3061435353
1.8200000000 	 0.3283532361 	 0.5817731255 	 0.3109578908
1.8400000000 	 0.3167165818 	 0.5818649368 	 0.3157453061
1.8600000000 	 0.3050797327 	 0.5817926469 	 0.3205037586
1.8800000000 	 0.2934459678 	 0.5815565699 	 0.3252312341
1.9000000000 	 0.2818185594 	 0.5811570727 	 0.3299257277
1.9200000000 	 0.2702007716 	 0.5805945752 	 0.3345852442
1.9400000000 	 0.2585958599 	 0.5798695494 	 0.3392077993
1.9600000000 	 0.2470070697 	 0.5789825199 	 0.3437914200
1.9800000000 	 0.2354376353 	 0.5779340632 	 0.3483341457
2.0000000000 	 0.2238907791 	 0.5767248078 	 0.3528340286
2.0200000000 	 0.2123697105 	 0.5753554334 	 0.3572891345
2.0400000000 	 0.2008776244 	 0.5738266715 	 0.3616975438
2.0600000000 	 0.1894177010 	 0.5721393043 	 0.3660573517
2.0800000000 	 0.1779931041 	 0.5702941646 	 0.3703666696
2.1000000000 	 0.1666069803 	 0.5682921358 	 0.3746236252
2.1200000000 	 0.1552624583 	 0.5661341511 	 0.3788263634
2.1400000000 	 0.1439626475 	 0.5638211935 	 0.3829730474
2.1600000000 	 0.1327106369 	 0.5613542953 	 0.3870618588
2.1800000000 	 0.1215094947 	 0.5587345376 	 0.3910909985
2.2000000000 	 0.1103622669 	 0.5559630498 	 0.3950586875
2.2200000000 	 0.0992719764 	 0.5530410097 	 0.3989631674
2.2400000000 	 0.0882416221 	 0.5499696423 	 0.4028027014
2.2600000000 	 0.0772741778 	 0.5467502200 	 0.4065755744
2.2800000000 	 0.0663725915 	 0.5433840617 	 0.4102800942
2.3000000000 	 0.0555397844 	 0.5398725326 	 0.4139145917
2.3200000000 	 0.0447786500 	 0.5362170434 	 0.4174774219
2.3400000000 	 0.0340920527 	 0.5324190499 	 0.4209669643
2.3600000000 	 0.0234828280 	 0.5284800527 	 0.4243816234
2.3800000000 	 0.0129537804 	 0.5244015961 	 0.4277198298
2.4000000000 	 0.0025076833 	 0.5201852682 	 0.4309800402
2.4200000000 	 -0.0078527221 	 0.5158326997 	 0.4341607383
2.4400000000 	 -0.0181247276 	 0.5113455637 	 0.4372604355
2.4600000000 	 -0.0283056589 	 0.5067255749 	 0.4402776710
2.4800000000 	 -0.0383928766 	 0.5019744891 	 0.4432110129
2.5000000000 	 -0.0483837765 	 0.4970941025 	 0.4460590584
2.5200000000 	 -0.0582757909 	 0.4920862509 	 0.4488204345
2.5400000000 	 -0.0680663892 	 0.4869528094 	 0.4514937982
2.5600000000 	 -0.0777530787 	 0.4816956913 	 0.4540778376
2.5800000000 	 -0.0873334054 	 0.4763168476 	 0.4565712718
2.6000000000 	 -0.0968049544 	 0.4708182665 	 0.4589728517
2.6200000000 	 -0.1061653513 	 0.4652019723 	 0.4612813606
2.6400000000 	 -0.1154122623 	 0.4594700248 	 0.4634956143
2.6600000000 	 -0.1245433952 	 0.4536245187 	 0.4656144619
2.6800000000 	 -0.1335565001 	 0.4476675828 	 0.4676367858
2.7000000000 	 -0.1424493700 	 0.4416013791 	 0.4695615027
2.7200000000 	 -0.1512198415 	 0.4354281022 	 0.4713875637
2.7400000000 	 -0.1598657951 	 0.4291499783 	 0.4731139545
2.7600000000 	 -0.1683851567 	 0.4227692647 	 0.4747396963
2.7800000000 	 -0.1767758970 	 0.4162882486 	 0.4762638457
2.8000000000 	 -0.1850360334 	 0.4097092469 	 0.4776854954
2.8200000000 	 -0.1931636293 	 0.4030346045 	 0.4790037743
2.8400000000 	 -0.2011567958 	 0.3962666942 	 0.4802178480
2.8600000000 	 -0.2090136913 	 0.3894079158 	 0.4813269191
2.8800000000 	 -0.2167325228 	 0.3824606948 	 0.4823302275
2.9000000000 	 -0.2243115458 	 0.3754274818 	 0.4832270505
2.9200000000 	 -0.2317490652 	 0.3683107518 	 0.4840167035
2.9400000000 	 -0.2390434357 	 0.3611130030 	 0.4846985398
2.9600000000 	 -0.2461930620 	 0.3538367562 	 0.4852719514
2.9800000000 	 -0.2531963996 	 0.3464845537 	 0.4857363685
3.0000000000 	 -0.2600519549 	 0.3390589585 	 0.4860912606
3.0200000000 	 -0.2667582859 	 0.3315625535 	 0.4863361359
3.0400000000 	 -0.2733140023 	 0.3239979404 	 0.4864705420
3.0600000000 	 -0.2797177662 	 0.3163677388 	 0.4864940661
3.0800000000 	 -0.2859682922 	 0.3086745854 	 0.4864063346
3.1000000000 	 -0.2920643477 	 0.3009211331 	 0.4862070142
3.1200000000 	 -0.2980047533 	 0.2931100499 	 0.4858958110
3.1400000000 	 -0.3037883833 	 0.2852440182 	 0.4854724713
3.1600000000 	 -0.3094141657 	 0.2773257335 	 0.4849367818
3.1800000000 	 -0.3148810824 	 0.2693579039 	 0.4842885691
3.2000000000 	 -0.3201881697 	 0.2613432488 	 0.4835277001
3.2200000000 	 -0.3253345183 	 0.2532844981 	 0.4826540824
3.2400000000 	 -0.3303192739 	 0.2451843914 	 0.4816676636
3.2600000000 	 -0.3351416366 	 0.2370456767 	 0.4805684322
3.2800000000 	 -0.3398008619 	 0.2288711098 	 0.4793564167
3.3000000000 	 -0.3442962604 	 0.2206634530 	 0.4780316865
3.3200000000 	 -0.3486271979 	 0.2124254744 	 0.4765943512
3.3400000000 	 -0.3527930957 	 0.2041599470 	 0.4750445610
3.3600000000 	 -0.3567934306 	 0.1958696474 	 0.4733825065
3.3800000000 	 -0.3606277350 	 0.1875573551 	 0.4716084185
3.4000000000 	 -0.3642955968 	 0.1792258517 	 0.4697225683
3.4200000000 	 -0.3677966595 	 0.1708779194 	 0.4677252673
3.4400000000 	 -0.3711306226 	 0.1625163405 	 0.4656168670
3.4600000000 	 -0.3742972407 	 0.1541438964 	 0.4633977589
3.4800000000 	 -0.3772963245 	 0.1457633665 	 0.4610683742
3.5000000000 	 -0.3801277400 	 0.1373775274 	 0.4586291842
3.5200000000 	 -0.3827914087 	 0.1289891515 	 0.4560806993
3.5400000000 	 -0.3852873076 	 0.1206010069 	 0.4534234697
3.5600000000 	 -0.3876154689 	 0.1122158556 	 0.4506580845
3.5800000000 	 -0.3897759801 	 0.1038364531 	 0.4477851718
3.6000000000 	 -0.3917689837 	 0.0954655472 	 0.4448053988
3.6200000000 	 -0.3935946769 	 0.0871058770 	 0.4417194709
3.6400000000 	 -0.3952533119 	 0.0787601725 	 0.4385281319
3.6600000000 	 -0.3967451951 	 0.0704311528 	 0.4352321638
3.6800000000 	 -0.3980706873 	 0.0621215260 	 0.4318323862
3.7000000000 	 -0.3992302034 	 0.0538339877 	 0.4283296562
3.7200000000 	 -0.4002242119 	 0.0455712207 	 0.4247248682
3.7400000000 	 -0.4010532351 	 0.0373358932 	 0.4210189534
3.7600000000 	 -0.4017178483 	 0.0291306588 	 0.4172128796
3.7800000000 	 -0.4022186797 	 0.0209581551 	 0.4133076506
3.8000000000 	 -0.4025564102 	 0.0128210029 	 0.4093043065
3.8200000000 	 -0.4027317728 	 0.0047218055 	 0.4052039223
3.8400000000 	 -0.4027455527 	 -0.0033368526 	 0.4010076086
3.8600000000 	 -0.4025985861 	 -0.0113524060 	 0.3967165105
3.8800000000 	 -0.4022917608 	 -0.0193223096 	 0.3923318073
3.9000000000 	 -0.4018260149 	 -0.0272440396 	 0.3878547125
3.9200000000 	 -0.4012023370 	 -0.0351150939 	 0.3832864728
3.9400000000 	 -0.4004217655 	 -0.0429329933 	 0.3786283679
3.9600000000 	 -0.3994853880 	 -0.0506952820 	 0.3738817102
3.9800000000 	 -0.3983943412 	 -0.0583995290 	 0.3690478442
4.0000000000 	 -0.3971498099 	 -0.0660433280 	 0.3641281459
4.0200000000 	 -0.3957530269 	 -0.0736242992 	 0.3591240224
4.0400000000 	 -0.3942052724 	 -0.0811400891 	 0.3540369115
4.0600000000 	 -0.3925078734 	 -0.0885883723 	 0.3488682811
4.0800000000 	 -0.3906622029 	 -0.0959668512 	 0.3436196288
4.1000000000 	 -0.3886696798 	 -0.1032732577 	 0.3382924809
4.1200000000 	 -0.3865317680 	 -0.1105053534 	 0.3328883926
4.1400000000 	 -0.3842499758 	 -0.1176609302 	 0.3274089468
4.1600000000 	 -0.3818258555 	 -0.1247378115 	 0.3218557538
4.1800000000 	 -0.3792610023 	 -0.1317338529 	 0.3162304507
4.2000000000 	 -0.3765570544 	 -0.1386469421 	 0.3105347010
4.2200000000 	 -0.3737156915 	 -0.1454750007 	 0.3047701935
4.2400000000 	 -0.3707386348 	 -0.1522159840 	 0.2989386424
4.2600000000 	 -0.3676276461 	 -0.1588678821 	 0.2930417859
4.2800000000 	 -0.3643845266 	 -0.1654287204 	 0.2870813863
4.3000000000 	 -0.3610111172 	 -0.1718965602 	 0.2810592288
4.3200000000 	 -0.3575092969 	 -0.1782694995 	 0.2749771212
4.3400000000 	 -0.3538809824 	 -0.1845456732 	 0.2688368933
4.3600000000 	 -0.3501281273 	 -0.1907232543 	 0.2626403960
4.3800000000 	 -0.3462527214 	 -0.1968004538 	 0.2563895005
4.4000000000 	 -0.3422567900 	 -0.2027755219 	 0.2500860982
4.4200000000 	 -0.3381423928 	 -0.2086467480 	 0.2437320996
4.4400000000 	 -0.3339116235 	 -0.2144124616 	 0.2373294336
4.4600000000 	 -0.3295666087 	 -0.2200710326 	 0.2308800469
4.4800000000 	 -0.3251095071 	 -0.2256208719 	 0.2243859036
4.5000000000 	 -0.3205425090 	 -0.2310604319 	 0.2178489837
4.5200000000 	 -0.3158678351 	 -0.2363882069 	 0.2112712833
4.5400000000 	 -0.3110877357 	 -0.2416027336 	 0.2046548134
4.5600000000 	 -0.3062044902 	 -0.2467025916 	 0.1980015991
4.5800000000 	 -0.3012204057 	 -0.2516864036 	 0.1913136792
4.6000000000 	 -0.2961378166 	 -0.2565528361 	 0.1845931052
4.6200000000 	 -0.2909590834 	 -0.2613005996 	 0.1778419407
4.6400000000 	 -0.2856865920 	 -0.2659284490 	 0.1710622606
4.6600000000 	 -0.2803227529 	 -0.2704351840 	 0.1642561503
4.6800000000 	 -0.2748699998 	 -0.2748196496 	 0.1574257051
4.7000000000 	 -0.2693307894 	 -0.2790807358 	 0.1505730295
4.7200000000 	 -0.2637076000 	 -0.2832173789 	 0.1437002360
4.7400000000 	 -0.2580029307 	 -0.2872285610 	 0.1368094450
4.7600000000 	 -0.2522193005 	 -0.2911133104 	 0.1299027835
4.7800000000 	 -0.2463592473 	 -0.2948707021 	 0.1229823845
4.8000000000 	 -0.2404253273 	 -0.2984998581 	 0.1160503864
4.8200000000 	 -0.2344201135 	 -0.3019999472 	 0.1091089320
4.8400000000 	 -0.2283461951 	 -0.3053701856 	 0.1021601680
4.8600000000 	 -0.2222061766 	 -0.3086098369 	 0.0952062437
4.8800000000 	 -0.2160026768 	 -0.3117182124 	 0.0882493111
4.9000000000 	 -0.2097383276 	 -0.3146946710 	 0.0812915231
4.9200000000 	 -0.2034157734 	 -0.3175386197 	 0.0743350336
4.9400000000 	 -0.1970376698 	 -0.3202495135 	 0.0673819964
4.9600000000 	 -0.1906066832 	 -0.3228268555 	 0.0604345640
4.9800000000 	 -0.1841254890 	 -0.3252701969 	 0.0534948878
5.0000000000 	 -0.1775967713 	 -0.3275791376 	 0.0465651163
5.0200000000 	 -0.1710232218 	 -0.3297533254 	 0.0396473950
5.0400000000 	 -0.1644075387 	 -0.3317924568 	 0.0327438654
5.0600000000 	 -0.1577524256 	 -0.3336962765 	 0.0258566642
5.0800000000 	 -0.1510605911 	 -0.3354645777 	 0.0189879227
5.1000000000 	 -0.1443347471 	 -0.3370972020 	 0.0121397659
5.1200000000 	 -0.1375776083 	 -0.3385940393 	 0.0053143117
5.1400000000 	 -0.1307918912 	 -0.3399550279 	 -0.0014863298
5.1600000000 	 -0.1239803129 	 -0.3411801541 	 -0.0082600569
5.1800000000 	 -0.1171455905 	 -0.3422694525 	 -0.0150047772
5.2000000000 	 -0.1102904398 	 -0.3432230059 	 -0.0217184086
5.2200000000 	 -0.1034175744 	 -0.3440409446 	 -0.0283988795
5.2400000000 	 -0.0965297049 	 -0.3447234472 	 -0.0350441299
5.2600000000 	 -0.0896295379 	 -0.3452707394 	 -0.0416521120
5.2800000000 	 -0.0827197749 	 -0.3456830947 	 -0.0482207912
5.3000000000 	 -0.0758031116 	 -0.3459608338 	 -0.0547481465
5.3200000000 	 -0.0688822366 	 -0.3461043244 	 -0.0612321711
5.3400000000 	 -0.0619598308 	 -0.3461139811 	 -0.0676708737
5.3600000000 	 -0.0550385665 	 -0.3459902650 	 -0.0740622786
5.3800000000 	 -0.0481211060 	 -0.3457336837 	 -0.0804044270
5.4000000000 	 -0.0412101012 	 -0.3453447908 	 -0.0866953768
5.4200000000 	 -0.0343081925 	 -0.3448241856 	 -0.0929332044
5.4400000000 	 -0.0274180076 	 -0.3441725130 	 -0.0991160045
5.4600000000 	 -0.0205421612 	 -0.3433904632 	 -0.1052418913
5.4800000000 	 -0.0136832534 	 -0.3424787708 	 -0.1113089988
5.5000000000 	 -0.0068438694 	 -0.3414382154 	 -0.1173154816
5.5200000000 	 -0.0000265784 	 -0.3402696204 	 -0.1232595160
5.5400000000 	 0.0067660676 	 -0.3389738530 	 -0.1291392997
5.5600000000 	 0.0135315340 	 -0.3375518238 	 -0.1349530533
5.5800000000 	 0.0202673051 	 -0.3360044862 	 -0.1406990206
5.6000000000 	 0.0269708847 	 -0.3343328363 	 -0.1463754691
5.6200000000 	 0.0336397967 	 -0.3325379121 	 -0.1519806907
5.6400000000 	 0.0402715865 	 -0.3306207933 	 -0.1575130026
5.6600000000 	 0.0468638213 	 -0.3285826007 	 -0.1629707474
5.6800000000 	 0.0534140911 	 -0.3264244958 	 -0.1683522939
5.7000000000 	 0.0599200097 	 -0.3241476802 	 -0.1736560379
5.7200000000 	 0.0663792152 	 -0.3217533952 	 -0.1788804023
5.7400000000 	 0.0727893709 	 -0.3192429211 	 -0.1840238382
5.7600000000 	 0.0791481662 	 -0.3166175770 	 -0.1890848249
5.7800000000 	 0.0854533172 	 -0.3138787199 	 -0.1940618709
5.8000000000 	 0.0917025676 	 -0.3110277443 	 -0.1989535139
5.8200000000 	 0.0978936891 	 -0.3080660815 	 -0.2037583219
5.8400000000 	 0.1040244827 	 -0.3049951993 	 -0.2084748934
5.8600000000 	 0.1100927790 	 -0.3018166010 	 -0.2131018578
5.8800000000 	 0.1160964389 	 -0.2985318252 	 -0.2176378760
5.9000000000 	 0.1220333546 	 -0.2951424447 	 -0.2220816409
5.9200000000 	 0.1279014500 	 -0.2916500664 	 -0.2264318779
5.9400000000 	 0.1336986815 	 -0.2880563303 	 -0.2306873449
5.9600000000 	 0.1394230386 	 -0.2843629088 	 -0.2348468335
5.9800000000 	 0.1450725447 	 -0.2805715062 	 -0.2389091688
6.0000000000 	 0.1506452573 	 -0.2766838581 	 -0.2428732100
6.0200000000 	 0.1561392691 	 -0.2727017305 	 -0.2467378507
6.0400000000 	 0.1615527086 	 -0.2686269192 	 -0.2505020196
6.0600000000 	 0.1668837402 	 -0.2644612490 	 -0.2541646804
6.0800000000 	 0.1721305652 	 -0.2602065732 	 -0.2577248327
6.1000000000 	 0.1772914222 	 -0.2558647726 	 -0.2611815116
6.1200000000 	 0.1823645879 	 -0.2514377548 	 -0.2645337889
6.1400000000 	 0.1873483772 	 -0.2469274539 	 -0.2677807726
6.1600000000 	 0.1922411439 	 -0.2423358291 	 -0.2709216079
6.1800000000 	 0.1970412814 	 -0.2376648642 	 -0.2739554770
6.2000000000 	 0.2017472229 	 -0.2329165671 	 -0.2768815994
6.2200000000 	 0.2063574421 	 -0.2280929685 	 -0.2796992326
6.2400000000 	 0.2108704534 	 -0.2231961216 	 -0.2824076718
6.2600000000 	 0.2152848125 	 -0.2182281010 	 -0.2850062505
6.2800000000 	 0.2195991169 	 -0.2131910022 	 -0.2874943405
6.3000000000 	 0.2238120061 	 -0.2080869402 	 -0.2898713522
6.3200000000 	 0.2279221623 	 -0.2029180495 	 -0.2921367349
6.3400000000 	 0.2319283103 	 -0.1976864828 	 -0.2942899768
6.3600000000 	 0.2358292182 	 -0.1923944100 	 -0.2963306050
6.3800000000 	 0.2396236979 	 -0.1870440179 	 -0.2982581862
6.4000000000 	 0.2433106048 	 -0.1816375090 	 -0.3000723264
6.4200000000 	 0.2468888389 	 -0.1761771008 	 -0.3017726709
6.4400000000 	 0.2503573444 	 -0.1706650250 	 -0.3033589050
6.4600000000 	 0.2537151104 	 -0.1651035263 	 -0.3048307532
6.4800000000 	 0.2569611710 	 -0.1594948621 	 -0.3061879803
6.5000000000 	 0.2600946056 	 -0.1538413014 	 -0.3074303906
6.5200000000 	 0.2631145390 	 -0.1481451238 	 -0.3085578285
6.5400000000 	 0.2660201417 	 -0.1424086188 	 -0.3095701780
6.5600000000 	 0.2688106302 	 -0.1366340850 	 -0.3104673634
6.5800000000 	 0.2714852669 	 -0.1308238291 	 -0.3112493487
6.6000000000 	 0.2740433606 	 -0.1249801652 	 -0.3119161379
6.6200000000 	 0.2764842663 	 -0.1191054136 	 -0.3124677749
6.6400000000 	 0.2788073854 	 -0.1132019005 	 -0.3129043434
6.6600000000 	 0.2810121661 	 -0.1072719567 	 -0.3132259669
6.6800000000 	 0.2830981030 	 -0.1013179166 	 -0.3134328086
6.7000000000 	 0.2850647377 	 -0.0953421180 	 -0.3135250715
6.7200000000 	 0.2869116583 	 -0.0893469006 	 -0.3135029978
6.7400000000 	 0.2886384999 	 -0.0833346054 	 -0.3133668694
6.7600000000 	 0.2902449443 	 -0.0773075737 	 -0.3131170075
6.7800000000 	 0.2917307202 	 -0.0712681465 	 -0.3127537723
6.8000000000 	 0.2930956031 	 -0.0652186634 	 -0.3122775629
6.8200000000 	 0.2943394153 	 -0.0591614619 	 -0.3116888176
6.8400000000 	 0.2954620257 	 -0.0530988763 	 -0.3109880129
6.8600000000 	 0.2964633500 	 -0.0470332372 	 -0.3101756640
6.8800000000 	 0.2973433503 	 -0.0409668704 	 -0.3092523243
6.9000000000 	 0.2981020354 	 -0.0349020961 	 -0.3082185850
6.9200000000 	 0.2987394602 	 -0.0288412281 	 -0.3070750753
6.9400000000 	 0.2992557259 	 -0.0227865729 	 -0.3058224617
6.9600000000 	 0.2996509799 	 -0.0167404291 	 -0.3044614480
6.9800000000 	 0.2999254151 	 -0.0107050860 	 -0.3029927750
7.0000000000 	 0.3000792705 	 -0.0046828235 	 -0.3014172201
7.0200000000 	 0.3001128304 	 0.0013240893 	 -0.2997355970
7.0400000000 	 0.3000264243 	 0.0073133944 	 -0.2979487555
7.0600000000 	 0.2998204270 	 0.0132828464 	 -0.2960575810
7.0800000000 	 0.2994952577 	 0.0192302126 	 -0.2940629943
7.1000000000 	 0.2990513805 	 0.0251532743 	 -0.2919659511
7.1200000000 	 0.2984893035 	 0.0310498270 	 -0.2897674419
7.1400000000 	 0.2978095787 	 0.0369176822 	 -0.2874684913
7.1600000000 	 0.2970128020 	 0.0427546670 	 -0.2850701576
7.1800000000 	 0.2960996122 	 0.0485586257 	 -0.2825735327
7.2000000000 	 0.2950706914 	 0.0543274202 	 -0.2799797413
7.2200000000 	 0.2939267640 	 0.0600589310 	 -0.2772899410
7.2400000000 	 0.2926685967 	 0.0657510574 	 -0.2745053212
7.2600000000 	 0.2912969981 	 0.0714017192 	 -0.2716271030
7.2800000000 	 0.2898128181 	 0.0770088564 	 -0.2686565389
7.3000000000 	 0.2882169476 	 0.0825704305 	 -0.2655949119
7.3200000000 	 0.2865103181 	 0.0880844252 	 -0.2624435353
7.3400000000 	 0.2846939011 	 0.0935488469 	 -0.2592037521
7.3600000000 	 0.2827687079 	 0.0989617255 	 -0.2558769346
7.3800000000 	 0.2807357887 	 0.1043211152 	 -0.2524644838
7.4000000000 	 0.2785962327 	 0.1096250949 	 -0.2489678286
7.4200000000 	 0.2763511669 	 0.1148717689 	 -0.2453884260
7.4400000000 	 0.2740017564 	 0.1200592680 	 -0.2417277596
7.4600000000 	 0.2715492030 	 0.1251857496 	 -0.2379873399
7.4800000000 	 0.2689947453 	 0.1302493985 	 -0.2341687029
7.5000000000 	 0.2663396579 	 0.1352484276 	 -0.2302734105
7.5200000000 	 0.2635852507 	 0.1401810785 	 -0.2263030490
7.5400000000 	 0.2607328688 	 0.1450456221 	 -0.2222592290
7.5600000000 	 0.2577838912 	 0.1498403591 	 -0.2181435846
7.5800000000 	 0.2547397309 	 0.1545636205 	 -0.2139577730
7.6000000000 	 0.2516018338 	 0.1592137684 	 -0.2097034737
7.6200000000 	 0.2483716783 	 0.1637891965 	 -0.2053823879
7.6400000000 	 0.2450507746 	 0.1682883303 	 -0.2009962379
7.6600000000 	 0.2416406640 	 0.1727096283 	 -0.1965467663
7.6800000000 	 0.2381429185 	 0.1770515816 	 -0.1920357358
7.7000000000 	 0.2345591396 	 0.1813127153 	 -0.1874649278
7.7200000000 	 0.2308909583 	 0.1854915884 	 -0.1828361426
7.7400000000 	 0.2271400338 	 0.1895867943 	 -0.1781511981
7.7600000000 	 0.2233080534 	 0.1935969617 	 -0.1734119293
7.7800000000 	 0.2193967312 	 0.1975207546 	 -0.1686201876
7.8000000000 	 0.2154078077 	 0.2013568728 	 -0.1637778404
7.8200000000 	 0.2113430492 	 0.2051040524 	 -0.1588867699
7.8400000000 	 0.2072042468 	 0.2087610662 	 -0.1539488727
7.8600000000 	 0.2029932156 	 0.2123267243 	 -0.1489660593
7.8800000000 	 0.1987117945 	 0.2157998738 	 -0.1439402530
7.9000000000 	 0.1943618448 	 0.2191793999 	 -0.1388733892
7.9200000000 	 0.1899452499 	 0.2224642259 	 -0.1337674150
7.9400000000 	 0.1854639141 	 0.2256533136 	 -0.1286242885
7.9600000000 	 0.1809197623 	 0.2287456633 	 -0.1234459775
7.9800000000 	 0.1763147389 	 0.2317403148 	 -0.1182344595
8.0000000000 	 0.1716508071 	 0.2346363469 	 -0.1129917204
8.0200000000 	 0.1669299483 	 0.2374328781 	 -0.1077197543
8.0400000000 	 0.1621541610 	 0.2401290671 	 -0.1024205622
8.0600000000 	 0.1573254600 	 0.2427241122 	 -0.0970961517
8.0800000000 	 0.1524458759 	 0.2452172523 	 -0.0917485362
8.1000000000 	 0.1475174540 	 0.2476077670 	 -0.0863797338
8.1200000000 	 0.1425422539 	 0.2498949763 	 -0.0809917671
8.1400000000 	 0.1375223480 	 0.2520782413 	 -0.0755866622
8.1600000000 	 0.1324598212 	 0.2541569640 	 -0.0701664477
8.1800000000 	 0.1273567701 	 0.2561305880 	 -0.0647331544
8.2000000000 	 0.1222153018 	 0.2579985976 	 -0.0592888146
8.2200000000 	 0.1170375334 	 0.2597605192 	 -0.0538354606
8.2400000000 	 0.1118255912 	 0.2614159203 	 -0.0483751251
8.2600000000 	 0.1065816094 	 0.2629644103 	 -0.0429098393
8.2800000000 	 0.1013077298 	 0.2644056399 	 -0.0374416332
8.3000000000 	 0.0960061009 	 0.2657393020 	 -0.0319725341
8.3200000000 	 0.0906788766 	 0.2669651311 	 -0.0265045663
8.3400000000 	 0.0853282160 	 0.2680829033 	 -0.0210397500
8.3600000000 	 0.0799562821 	 0.2690924367 	 -0.0155801011
8.3800000000 	 0.0745652411 	 0.2699935912 	 -0.0101276298
8.4000000000 	 0.0691572617 	 0.2707862683 	 -0.0046843406
8.4200000000 	 0.0637345139 	 0.2714704113 	 0.0007477690
8.4400000000 	 0.0582991689 	 0.2720460051 	 0.0061667091
8.4600000000 	 0.0528533972 	 0.2725130762 	 0.0115704978
8.4800000000 	 0.0473993689 	 0.2728716926 	 0.0169571624
8.5000000000 	 0.0419392518 	 0.2731219637 	 0.0223247396
8.5200000000 	 0.0364752116 	 0.2732640399 	 0.0276712766
8.5400000000 	 0.0310094103 	 0.2732981131 	 0.0329948317
8.5600000000 	 0.0255440056 	 0.2732244159 	 0.0382934748
8.5800000000 	 0.0200811503 	 0.2730432217 	 0.0435652883
8.6000000000 	 0.0146229913 	 0.2727548445 	 0.0488083679
8.6200000000 	 0.0091716687 	 0.2723596390 	 0.0540208229
8.6400000000 	 0.0037293153 	 0.2718579997 	 0.0592007772
8.6600000000 	 -0.0017019446 	 0.2712503613 	 0.0643463698
8.6800000000 	 -0.0071199957 	 0.2705371981 	 0.0694557556
8.7000000000 	 -0.0125227324 	 0.2697190241 	 0.0745271058
8.7200000000 	 -0.0179080602 	 0.2687963922 	 0.0795586089
8.7400000000 	 -0.0232738957 	 0.2677698945 	 0.0845484711
8.7600000000 	 -0.0286181678 	 0.2666401615 	 0.0894949170
8.7800000000 	 -0.0339388184 	 0.2654078621 	 0.0943961901
8.8000000000 	 -0.0392338032 	 0.2640737032 	 0.0992505539
8.8200000000 	 -0.0445010924 	 0.2626384294 	 0.1040562918
8.8400000000 	 -0.0497386715 	 0.2611028223 	 0.1088117082
8.8600000000 	 -0.0549445418 	 0.2594677008 	 0.1135151289
8.8800000000 	 -0.0601167218 	 0.2577339200 	 0.1181649019
8.9000000000 	 -0.0652532469 	 0.2559023714 	 0.1227593977
8.9200000000 	 -0.0703521710 	 0.2539739821 	 0.1272970100
8.9400000000 	 -0.0754115669 	 0.2519497145 	 0.1317761563
8.9600000000 	 -0.0804295270 	 0.2498305659 	 0.1361952783
8.9800000000 	 -0.0854041639 	 0.2476175680 	 0.1405528427
9.0000000000 	 -0.0903336112 	 0.2453117866 	 0.1448473415
9.0200000000 	 -0.0952160241 	 0.2429143209 	 0.1490772926
9.0400000000 	 -0.1000495803 	 0.2404263031 	 0.1532412403
9.0600000000 	 -0.1048324803 	 0.2378488981 	 0.1573377558
9.0800000000 	 -0.1095629483 	 0.2351833026 	 0.1613654379
9.1000000000 	 -0.1142392327 	 0.2324307450 	 0.1653229129
9.1200000000 	 -0.1188596068 	 0.2295924846 	 0.1692088358
9.1400000000 	 -0.1234223693 	 0.2266698111 	 0.1730218903
9.1600000000 	 -0.1279258452 	 0.2236640442 	 0.1767607894
9.1800000000 	 -0.1323683861 	 0.2205765329 	 0.1804242756
9.2000000000 	 -0.1367483708 	 0.2174086550 	 0.1840111218
9.2200000000 	 -0.1410642059 	 0.2141618163 	 0.1875201313
9.2400000000 	 -0.1453143266 	 0.2108374506 	 0.1909501384
9.2600000000 	 -0.1494971968 	 0.2074370183 	 0.1943000085
9.2800000000 	 -0.1536113101 	 0.2039620065 	 0.1975686391
9.3000000000 	 -0.1576551899 	 0.2004139278 	 0.2007549594
9.3200000000 	 -0.1616273903 	 0.1967943203 	 0.2038579312
9.3400000000 	 -0.1655264963 	 0.1931047462 	 0.2068765490
9.3600000000 	 -0.1693511243 	 0.1893467921 	 0.2098098406
9.3800000000 	 -0.1730999228 	 0.1855220673 	 0.2126568668
9.4000000000 	 -0.1767715728 	 0.1816322040 	 0.2154167225
9.4200000000 	 -0.1803647878 	 0.1776788563 	 0.2180885365
9.4400000000 	 -0.1838783149 	 0.1736636994 	 0.2206714716
9.4600000000 	 -0.1873109350 	 0.1695884292 	 0.2231647255
9.4800000000 	 -0.1906614628 	 0.1654547614 	 0.2255675306
9.5000000000 	 -0.1939287477 	 0.1612644308 	 0.2278791542
9.5200000000 	 -0.1971116739 	 0.1570191908 	 0.2300988989
9.5400000000 	 -0.2002091611 	 0.1527208126 	 0.2322261029
9.5600000000 	 -0.2032201641 	 0.1483710843 	 0.2342601399
9.5800000000 	 -0.2061436741 	 0.1439718107 	 0.2362004196
9.6000000000 	 -0.2089787184 	 0.1395248117 	 0.2380463875
9.6200000000 	 -0.2117243607 	 0.1350319227 	 0.2397975255
9.6400000000 	 -0.2143797017 	 0.1304949927 	 0.2414533516
9.6600000000 	 -0.2169438792 	 0.1259158847 	 0.2430134205
9.6800000000 	 -0.2194160684 	 0.1212964739 	 0.2444773233
9.7000000000 	 -0.2217954820 	 0.1166386479 	 0.2458446878
9.7200000000 	 -0.2240813708 	 0.1119443052 	 0.2471151785
9.7400000000 	 -0.2262730235 	 0.1072153550 	 0.2482884968
9.7600000000 	 -0.2283697671 	 0.1024537160 	 0.2493643810
9.7800000000 	 -0.2303709671 	 0.0976613160 	 0.2503426063
9.8000000000 	 -0.2322760276 	 0.0928400911 	 0.2512229849
9.8200000000 	 -0.2340843915 	 0.0879919847 	 0.2520053660
9.8400000000 	 -0.2357955408 	 0.0831189471 	 0.2526896357
9.8600000000 	 -0.2374089962 	 0.0782229342 	 0.2532757172
9.8800000000 	 -0.2389243180 	 0.0733059073 	 0.2537635705
9.9000000000 	 -0.2403411055 	 0.0683698323 	 0.2541531929
9.9200000000 	 -0.2416589975 	 0.0634166784 	 0.2544446181
9.9400000000 	 -0.2428776720 	 0.0584484178 	 0.2546379170
9.9600000000 	 -0.2439968466 	 0.0534670250 	 0.2547331970
9.9800000000 	 -0.2450162786 	 0.0484744757 	 0.2547306024
10.0000000000 	 -0.2459357645 	 0.0434727462 	 0.2546303137
10.0200000000 	 -0.2467551404 	 0.0384638127 	 0.2544325481
10.0400000000 	 -0.2474742821 	 0.0334496506 	 0.2541375591
10.0600000000 	 -0.2480931047 	 0.0284322334 	 0.2537456362
10.0800000000 	 -0.2486115629 	 0.0234135324 	 0.2532571050
10.1000000000 	 -0.2490296506 	 0.0183955155 	 0.2526723269
10.1200000000 	 -0.2493474012 	 0.0133801468 	 0.2519916989
10.1400000000 	 -0.2495648872 	 0.0083693857 	 0.2512156536
10.1600000000 	 -0.2496822203 	 0.0033651863 	 0.2503446586
10.1800000000 	 -0.2496995514 	 -0.0016305037 	 0.2493792166
10.2000000000 	 -0.2496170699 	 -0.0066157433 	 0.2483198653
10.2200000000 	 -0.2494350042 	 -0.0115885993 	 0.2471671765
10.2400000000 	 -0.2491536213 	 -0.0165471467 	 0.2459217567
10.2600000000 	 -0.2487732265 	 -0.0214894698 	 0.2445842460
10.2800000000 	 -0.2482941634 	 -0.0264136626 	 0.2431553185
10.3000000000 	 -0.2477168135 	 -0.0313178295 	 0.2416356815
10.3200000000 	 -0.2470415962 	 -0.0362000863 	 0.2400260756
10.3400000000 	 -0.2462689686 	 -0.0410585609 	 0.2383272740
10.3600000000 	 -0.2453994248 	 -0.0458913935 	 0.2365400824
10.3800000000 	 -0.2444334961 	 -0.0506967379 	 0.2346653385
10.4000000000 	 -0.2433717507 	 -0.0554727618 	 0.2327039119
10.4200000000 	 -0.2422147932 	 -0.0602176478 	 0.2306567034
10.4400000000 	 -0.2409632644 	 -0.0649295937 	 0.2285246449
10.4600000000 	 -0.2396178410 	 -0.0696068134 	 0.2263086988
10.4800000000 	 -0.2381792352 	 -0.0742475376 	 0.2240098578
10.5000000000 	 -0.2366481945 	 -0.0788500142 	 0.2216291441
10.5200000000 	 -0.2350255012 	 -0.0834125094 	 0.2191676096
10.5400000000 	 -0.2333119721 	 -0.0879333078 	 0.2166263349
10.5600000000 	 -0.2315084581 	 -0.0924107135 	 0.2140064291
10.5800000000 	 -0.2296158440 	 -0.0968430503 	 0.2113090292
10.6000000000 	 -0.2276350476 	 -0.1012286626 	 0.2085353000
10.6200000000 	 -0.2255670199 	 -0.1055659160 	 0.2056864331
10.6400000000 	 -0.2234127441 	 -0.1098531977 	 0.2027636468
10.6600000000 	 -0.2211732357 	 -0.1140889174 	 0.1997681856
10.6800000000 	 -0.2188495416 	 -0.1182715075 	 0.1967013193
10.7000000000 	 -0.2164427399 	 -0.1223994239 	 0.1935643429
10.7200000000 	 -0.2139539393 	 -0.1264711466 	 0.1903585761
10.7400000000 	 -0.2113842787 	 -0.1304851799 	 0.1870853625
10.7600000000 	 -0.2087349265 	 -0.1344400535 	 0.1837460690
10.7800000000 	 -0.2060070806 	 -0.1383343225 	 0.1803420857
10.8000000000 	 -0.2032019671 	 -0.1421665683 	 0.1768748248
10.8200000000 	 -0.2003208406 	 -0.1459353988 	 0.1733457207
10.8400000000 	 -0.1973649830 	 -0.1496394491 	 0.1697562286
10.8600000000 	 -0.1943357034 	 -0.1532773819 	 0.1661078246
10.8800000000 	 -0.1912343373 	 -0.1568478880 	 0.1624020049
10.9000000000 	 -0.1880622460 	 -0.1603496867 	 0.1586402851
10.9200000000 	 -0.1848208162 	 -0.1637815263 	 0.1548241997
10.9400000000 	 -0.1815114595 	 -0.1671421845 	 0.1509553014
10.9600000000 	 -0.1781356113 	 -0.1704304690 	 0.1470351608
10.9800000000 	 -0.1746947309 	 -0.1736452177 	 0.1430653652
11.0000000000 	 -0.1711903004 	 -0.1767852990 	 0.1390475188
11.0200000000 	 -0.1676238241 	 -0.1798496125 	 0.1349832411
11.0400000000 	 -0.1639968282 	 -0.1828370892 	 0.1308741671
11.0600000000 	 -0.1603108597 	 -0.1857466920 	 0.1267219462
11.0800000000 	 -0.1565674863 	 -0.1885774157 	 0.1225282416
11.1000000000 	 -0.1527682954 	 -0.1913282878 	 0.1182947301
11.1200000000 	 -0.1489148935 	 -0.1939983684 	 0.1140231006
11.1400000000 	 -0.1450089054 	 -0.1965867510 	 0.1097150542
11.1600000000 	 -0.1410519739 	 -0.1990925621 	 0.1053723033
11.1800000000 	 -0.1370457590 	 -0.2015149623 	 0.1009965707
11.2000000000 	 -0.1329919369 	 -0.2038531459 	 0.0965895894
11.2200000000 	 -0.1288921997 	 -0.2061063414 	 0.0921531014
11.2400000000 	 -0.1247482547 	 -0.2082738120 	 0.0876888576
11.2600000000 	 -0.1205618234 	 -0.2103548554 	 0.0831986164
11.2800000000 	 -0.1163346411 	 -0.2123488042 	 0.0786841439
11.3000000000 	 -0.1120684561 	 -0.2142550262 	 0.0741472125
11.3200000000 	 -0.1077650289 	 -0.2160729245 	 0.0695896006
11.3400000000 	 -0.1034261317 	 -0.2178019376 	 0.0650130916
11.3600000000 	 -0.0990535475 	 -0.2194415396 	 0.0604194736
11.3800000000 	 -0.0946490695 	 -0.2209912406 	 0.0558105386
11.4000000000 	 -0.0902145002 	 -0.2224505864 	 0.0511880816
11.4200000000 	 -0.0857516512 	 -0.2238191589 	 0.0465539001
11.4400000000 	 -0.0812623416 	 -0.2250965762 	 0.0419097933
11.4600000000 	 -0.0767483981 	 -0.2262824924 	 0.0372575618
11.4800000000 	 -0.0722116540 	 -0.2273765983 	 0.0325990062
11.5000000000 	 -0.0676539481 	 -0.2283786207 	 0.0279359271
11.5200000000 	 -0.0630771246 	 -0.2292883230 	 0.0232701241
11.5400000000 	 -0.0584830320 	 -0.2301055050 	 0.0186033951
11.5600000000 	 -0.0538735223 	 -0.2308300030 	 0.0139375357
11.5800000000 	 -0.0492504506 	 -0.2314616898 	 0.0092743384
11.6000000000 	 -0.0446156741 	 -0.2320004746 	 0.0046155923
11.6200000000 	 -0.0399710514 	 -0.2324463031 	 -0.0000369182
11.6400000000 	 -0.0353184418 	 -0.2327991574 	 -0.0046814134
11.6600000000 	 -0.0306597048 	 -0.2330590559 	 -0.0093161196
11.6800000000 	 -0.0259966989 	 -0.2332260534 	 -0.0139392691
11.7000000000 	 -0.0213312814 	 -0.2333002408 	 -0.0185491017
11.7200000000 	 -0.0166653072 	 -0.2332817453 	 -0.0231438644
11.7400000000 	 -0.0120006284 	 -0.2331707301 	 -0.0277218129
11.7600000000 	 -0.0073390935 	 -0.2329673940 	 -0.0322812116
11.7800000000 	 -0.0026825465 	 -0.2326719719 	 -0.0368203349
11.8000000000 	 0.0019671733 	 -0.2322847343 	 -0.0413374673
11.8200000000 	 0.0066082328 	 -0.2318059869 	 -0.0458309040
11.8400000000 	 0.0112388050 	 -0.2312360711 	 -0.0502989521
11.8600000000 	 0.0158570703 	 -0.2305753631 	 -0.0547399309
11.8800000000 	 0.0204612170 	 -0.2298242740 	 -0.0591521722
11.9000000000 	 0.0250494417 	 -0.2289832497 	 -0.0635340215
11.9200000000 	 0.0296199506 	 -0.2280527705 	 -0.0678838382
11.9400000000 	 0.0341709596 	 -0.2270333511 	 -0.0721999966
11.9600000000 	 0.0387006953 	 -0.2259255399 	 -0.0764808859
11.9800000000 	 0.0432073958 	 -0.2247299191 	 -0.0807249115
12.0000000000 	 0.0476893108 	 -0.2234471045 	 -0.0849304949
12.0200000000 	 0.0521447030 	 -0.2220777448 	 -0.0890960748
12.0400000000 	 0.0565718482 	 -0.2206225216 	 -0.0932201076
12.0600000000 	 0.0609690362 	 -0.2190821491 	 -0.0973010675
12.0800000000 	 0.0653345714 	 -0.2174573736 	 -0.1013374479
12.1000000000 	 0.0696667736 	 -0.2157489734 	 -0.1053277609
12.1200000000 	 0.0739639783 	 -0.2139577580 	 -0.1092705390
12.1400000000 	 0.0782245374 	 -0.2120845685 	 -0.1131643345
12.1600000000 	 0.0824468203 	 -0.2101302762 	 -0.1170077210
12.1800000000 	 0.0866292138 	 -0.2080957833 	 -0.1207992932
12.2000000000 	 0.0907701232 	 -0.2059820217 	 -0.1245376677
12.2200000000 	 0.0948679726 	 -0.2037899529 	 -0.1282214837
12.2400000000 	 0.0989212058 	 -0.2015205676 	 -0.1318494032
12.2600000000 	 0.1029282867 	 -0.1991748853 	 -0.1354201113
12.2800000000 	 0.1068876996 	 -0.1967539536 	 -0.1389323174
12.3000000000 	 0.1107979503 	 -0.1942588480 	 -0.1423847549
12.3200000000 	 0.1146575664 	 -0.1916906716 	 -0.1457761819
12.3400000000 	 0.1184650976 	 -0.1890505541 	 -0.1491053819
12.3600000000 	 0.1222191166 	 -0.1863396518 	 -0.1523711638
12.3800000000 	 0.1259182196 	 -0.1835591468 	 -0.1555723629
12.4000000000 	 0.1295610265 	 -0.1807102469 	 -0.1587078405
12.4200000000 	 0.1331461817 	 -0.1777941845 	 -0.1617764852
12.4400000000 	 0.1366723545 	 -0.1748122165 	 -0.1647772125
12.4600000000 	 0.1401382396 	 -0.1717656240 	 -0.1677089657
12.4800000000 	 0.1435425573 	 -0.1686557110 	 -0.1705707162
12.5000000000 	 0.1468840547 	 -0.1654838046 	 -0.1733614634
12.5200000000 	 0.1501615052 	 -0.1622512541 	 -0.1760802359
12.5400000000 	 0.1533737097 	 -0.1589594303 	 -0.1787260909
12.5600000000 	 0.1565194966 	 -0.1556097256 	 -0.1812981153
12.5800000000 	 0.1595977223 	 -0.1522035524 	 -0.1837954253
12.6000000000 	 0.1626072717 	 -0.1487423434 	 -0.1862171675
12.6200000000 	 0.1655470588 	 -0.1452275508 	 -0.1885625185
12.6400000000 	 0.1684160264 	 -0.1416606452 	 -0.1908306854
12.6600000000 	 0.1712131471 	 -0.1380431158 	 -0.1930209063
12.6800000000 	 0.1739374235 	 -0.1343764692 	 -0.1951324502
12.7000000000 	 0.1765878886 	 -0.1306622290 	 -0.1971646175
12.7200000000 	 0.1791636057 	 -0.1269019351 	 -0.1991167401
12.7400000000 	 0.1816636693 	 -0.1230971432 	 -0.2009881816
12.7600000000 	 0.1840872052 	 -0.1192494241 	 -0.2027783375
12.7800000000 	 0.1864333707 	 -0.1153603631 	 -0.2044866356
12.8000000000 	 0.1887013548 	 -0.1114315593 	 -0.2061125359
12.8200000000 	 0.1908903788 	 -0.1074646249 	 -0.2076555309
12.8400000000 	 0.1929996964 	 -0.1034611847 	 -0.2091151457
12.8600000000 	 0.1950285937 	 -0.0994228755 	 -0.2104909383
12.8800000000 	 0.1969763899 	 -0.0953513452 	 -0.2117824994
12.9000000000 	 0.1988424371 	 -0.0912482522 	 -0.2129894530
12.9200000000 	 0.2006261207 	 -0.0871152651 	 -0.2141114559
12.9400000000 	 0.2023268596 	 -0.0829540614 	 -0.2151481983
12.9600000000 	 0.2039441063 	 -0.0787663274 	 -0.2160994038
12.9800000000 	 0.2054773471 	 -0.0745537572 	 -0.2169648290
13.0000000000 	 0.2069261024 	 -0.0703180521 	 -0.2177442642
13.0200000000 	 0.2082899264 	 -0.0660609202 	 -0.2184375332
13.0400000000 	 0.2095684078 	 -0.0617840751 	 -0.2190444929
13.0600000000 	 0.2107611694 	 -0.0574892360 	 -0.2195650340
13.0800000000 	 0.2118678687 	 -0.0531781262 	 -0.2199990807
13.1000000000 	 0.2128881975 	 -0.0488524733 	 -0.2203465904
13.1200000000 	 0.2138218822 	 -0.0445140078 	 -0.2206075542
13.1400000000 	 0.2146686840 	 -0.0401644626 	 -0.2207819964
13.1600000000 	 0.2154283985 	 -0.0358055727 	 -0.2208699748
13.1800000000 	 0.2161008562 	 -0.0314390739 	 -0.2208715806
13.2000000000 	 0.2166859223 	 -0.0270667028 	 -0.2207869378
13.2200000000 	 0.2171834967 	 -0.0226901954 	 -0.2206162040
13.2400000000 	 0.2175935141 	 -0.0183112870 	 -0.2203595695
13.2600000000 	 0.2179159437 	 -0.0139317112 	 -0.2200172576
13.2800000000 	 0.2181507896 	 -0.0095531996 	 -0.2195895245
13.3000000000 	 0.2182980903 	 -0.0051774806 	 -0.2190766588
13.3200000000 	 0.2183579189 	 -0.0008062789 	 -0.2184789819
13.3400000000 	 0.2183303831 	 0.0035586847 	 -0.2177968471
13.3600000000 	 0.2182156246 	 0.0079156947 	 -0.2170306404
13.3800000000 	 0.2180138197 	 0.0122630410 	 -0.2161807792
13.4000000000 	 0.2177251787 	 0.0165990199 	 -0.2152477131
13.4200000000 	 0.2173499460 	 0.0209219344 	 -0.2142319230
13.4400000000 	 0.2168883997 	 0.0252300955 	 -0.2131339212
13.4600000000 	 0.2163408518 	 0.0295218220 	 -0.2119542512
13.4800000000 	 0.2157076475 	 0.0337954417 	 -0.2106934871
13.5000000000 	 0.2149891659 	 0.0380492921 	 -0.2093522337
13.5200000000 	 0.2141858187 	 0.0422817206 	 -0.2079311263
13.5400000000 	 0.2132980508 	 0.0464910856 	 -0.2064308299
13.5600000000 	 0.2123263399 	 0.0506757568 	 -0.2048520395
13.5800000000 	 0.2112711960 	 0.0548341159 	 -0.2031954793
13.6000000000 	 0.2101331614 	 0.0589645572 	 -0.2014619030
13.6200000000 	 0.2089128104 	 0.0630654886 	 -0.1996520925
13.6400000000 	 0.2076107491 	 0.0671353315 	 -0.1977668588
13.6600000000 	 0.2062276148 	 0.0711725219 	 -0.1958070406
13.6800000000 	 0.2047640762 	 0.0751755109 	 -0.1937735045
13.7000000000 	 0.2032208326 	 0.0791427651 	 -0.1916671443
13.7200000000 	 0.2015986140 	 0.0830727675 	 -0.1894888811
13.7400000000 	 0.1998981803 	 0.0869640178 	 -0.1872396624
13.7600000000 	 0.1981203215 	 0.0908150330 	 -0.1849204620
13.7800000000 	 0.1962658570 	 0.0946243481 	 -0.1825322796
13.8000000000 	 0.1943356352 	 0.0983905167 	 -0.1800761400
13.8200000000 	 0.1923305335 	 0.1021121110 	 -0.1775530934
13.8400000000 	 0.1902514573 	 0.1057877232 	 -0.1749642141
13.8600000000 	 0.1880993403 	 0.1094159652 	 -0.1723106008
13.8800000000 	 0.1858751436 	 0.1129954697 	 -0.1695933757
13.9000000000 	 0.1835798555 	 0.1165248904 	 -0.1668136842
13.9200000000 	 0.1812144908 	 0.1200029025 	 -0.1639726944
13.9400000000 	 0.1787800908 	 0.1234282036 	 -0.1610715967
13.9600000000 	 0.1762777226 	 0.1267995134 	 -0.1581116032
13.9800000000 	 0.1737084786 	 0.1301155750 	 -0.1550939471
14.0000000000 	 0.1710734761 	 0.1333751547 	 -0.1520198826
14.0200000000 	 0.1683738570 	 0.1365770430 	 -0.1488906840
14.0400000000 	 0.1656107869 	 0.1397200545 	 -0.1457076452
14.0600000000 	 0.1627854551 	 0.1428030290 	 -0.1424720797
14.0800000000 	 0.1598990736 	 0.1458248311 	 -0.1391853192
14.1000000000 	 0.1569528770 	 0.1487843513 	 -0.1358487137
14.1200000000 	 0.1539481220 	 0.1516805061 	 -0.1324636310
14.1400000000 	 0.1508860863 	 0.1545122384 	 -0.1290314557
14.1600000000 	 0.1477680688 	 0.1572785180 	 -0.1255535888
14.1800000000 	 0.1445953886 	 0.1599783418 	 -0.1220314476
14.2000000000 	 0.1413693847 	 0.1626107342 	 -0.1184664643
14.2200000000 	 0.1380914151 	 0.1651747476 	 -0.1148600863
14.2400000000 	 0.1347628568 	 0.1676694625 	 -0.1112137749
14.2600000000 	 0.1313851045 	 0.1700939880 	 -0.1075290052
14.2800000000 	 0.1279595709 	 0.1724474622 	 -0.1038072653
14.3000000000 	 0.1244876853 	 0.1747290520 	 -0.1000500556
14.3200000000 	 0.1209708934 	 0.1769379541 	 -0.0962588887
14.3400000000 	 0.1174106569 	 0.1790733947 	 -0.0924352880
14.3600000000 	 0.1138084523 	 0.1811346301 	 -0.0885807880
14.3800000000 	 0.1101657711 	 0.1831209468 	 -0.0846969329
14.4000000000 	 0.1064841185 	 0.1850316616 	 -0.0807852766
14.4200000000 	 0.1027650130 	 0.1868661224 	 -0.0768473816
14.4400000000 	 0.0990099861 	 0.1886237075 	 -0.0728848189
14.4600000000 	 0.0952205812 	 0.1903038269 	 -0.0688991667
14.4800000000 	 0.0913983532 	 0.1919059214 	 -0.0648920105
14.5000000000 	 0.0875448680 	 0.1934294636 	 -0.0608649420
14.5200000000 	 0.0836617017 	 0.1948739576 	 -0.0568195587
14.5400000000 	 0.0797504398 	 0.1962389394 	 -0.0527574633
14.5600000000 	 0.0758126770 	 0.1975239770 	 -0.0486802626
14.5800000000 	 0.0718500164 	 0.1987286703 	 -0.0445895678
14.6000000000 	 0.0678640683 	 0.1998526514 	 -0.0404869928
14.6200000000 	 0.0638564506 	 0.2008955850 	 -0.0363741544
14.6400000000 	 0.0598287873 	 0.2018571679 	 -0.0322526714
14.6600000000 	 0.0557827080 	 0.2027371294 	 -0.0281241638
14.6800000000 	 0.0517198478 	 0.2035352314 	 -0.0239902523
14.7000000000 	 0.0476418459 	 0.2042512683 	 -0.0198525577
14.7200000000 	 0.0435503454 	 0.2048850673 	 -0.0157127003
14.7400000000 	 0.0394469924 	 0.2054364879 	 -0.0115722993
14.7600000000 	 0.0353334358 	 0.2059054227 	 -0.0074329720
14.7800000000 	 0.0312113259 	 0.2062917965 	 -0.0032963331
14.8000000000 	 0.0270823146 	 0.2065955672 	 0.0008360053
14.8200000000 	 0.0229480540 	 0.2068167249 	 0.0049624352
14.8400000000 	 0.0188101962 	 0.2069552926 	 0.0090813527
14.8600000000 	 0.0146703925 	 0.2070113257 	 0.0131911587
14.8800000000 	 0.0105302928 	 0.2069849120 	 0.0172902599
14.9000000000 	 0.0063915449 	 0.2068761718 	 0.0213770688
14.9200000000 	 0.0022557938 	 0.2066852577 	 0.0254500048
14.9400000000 	 -0.0018753188 	 0.2064123545 	 0.0295074948
14.9600000000 	 -0.0060001552 	 0.2060576791 	 0.0335479733
14.9800000000 	 -0.0101170825 	 0.2056214802 	 0.0375698836
15.0000000000 	 -0.0142244728 	 0.2051040386 	 0.0415716780
15.0200000000 	 -0.0183207045 	 0.2045056666 	 0.0455518185
15.0400000000 	 -0.0224041622 	 0.2038267080 	 0.0495087777
15.0600000000 	 -0.0264732381 	 0.2030675381 	 0.0534410386
15.0800000000 	 -0.0305263317 	 0.2022285631 	 0.0573470961
15.1000000000 	 -0.0345618515 	 0.2013102204 	 0.0612254568
15.1200000000 	 -0.0385782145 	 0.2003129780 	 0.0650746402
15.1400000000 	 -0.0425738479 	 0.1992373346 	 0.0688931788
15.1600000000 	 -0.0465471888 	 0.1980838188 	 0.0726796187
15.1800000000 	 -0.0504966852 	 0.1968529897 	 0.0764325205
15.2000000000 	 -0.0544207968 	 0.1955454359 	 0.0801504595
15.2200000000 	 -0.0583179953 	 0.1941617755 	 0.0838320262
15.2400000000 	 -0.0621867648 	 0.1927026561 	 0.0874758273
15.2600000000 	 -0.0660256030 	 0.1911687539 	 0.0910804855
15.2800000000 	 -0.0698330211 	 0.1895607741 	 0.0946446407
15.3000000000 	 -0.0736075450 	 0.1878794498 	 0.0981669502
15.3200000000 	 -0.0773477152 	 0.1861255426 	 0.1016460889
15.3400000000 	 -0.0810520880 	 0.1842998413 	 0.1050807505
15.3600000000 	 -0.0847192357 	 0.1824031624 	 0.1084696474
15.3800000000 	 -0.0883477470 	 0.1804363492 	 0.1118115115
15.4000000000 	 -0.0919362279 	 0.1784002717 	 0.1151050943
15.4200000000 	 -0.0954833020 	 0.1762958259 	 0.1183491679
15.4400000000 	 -0.0989876112 	 0.1741239339 	 0.1215425250
15.4600000000 	 -0.1024478160 	 0.1718855432 	 0.1246839795
15.4800000000 	 -0.1058625961 	 0.1695816263 	 0.1277723670
15.5000000000 	 -0.1092306509 	 0.1672131804 	 0.1308065451
15.5200000000 	 -0.1125507000 	 0.1647812268 	 0.1337853941
15.5400000000 	 -0.1158214836 	 0.1622868108 	 0.1367078170
15.5600000000 	 -0.1190417631 	 0.1597310008 	 0.1395727401
15.5800000000 	 -0.1222103216 	 0.1571148883 	 0.1423791134
15.6000000000 	 -0.1253259640 	 0.1544395871 	 0.1451259111
15.6200000000 	 -0.1283875180 	 0.1517062330 	 0.1478121317
15.6400000000 	 -0.1313938340 	 0.1489159834 	 0.1504367987
15.6600000000 	 -0.1343437859 	 0.1460700166 	 0.1529989604
15.6800000000 	 -0.1372362712 	 0.1431695315 	 0.1554976911
15.7000000000 	 -0.1400702118 	 0.1402157469 	 0.1579320904
15.7200000000 	 -0.1428445540 	 0.1372099014 	 0.1603012845
15.7400000000 	 -0.1455582692 	 0.1341532524 	 0.1626044258
15.7600000000 	 -0.1482103539 	 0.1310470759 	 0.1648406935
15.7800000000 	 -0.1507998307 	 0.1278926658 	 0.1670092940
15.8000000000 	 -0.1533257478 	 0.1246913334 	 0.1691094608
15.8200000000 	 -0.1557871800 	 0.1214444071 	 0.1711404553
15.8400000000 	 -0.1581832290 	 0.1181532316 	 0.1731015664
15.8600000000 	 -0.1605130234 	 0.1148191673 	 0.1749921113
15.8800000000 	 -0.1627757190 	 0.1114435900 	 0.1768114356
15.9000000000 	 -0.1649704995 	 0.1080278901 	 0.1785589133
15.9200000000 	 -0.1670965765 	 0.1045734722 	 0.1802339473
15.9400000000 	 -0.1691531897 	 0.1010817545 	 0.1818359694
15.9600000000 	 -0.1711396075 	 0.0975541682 	 0.1833644406
15.9800000000 	 -0.1730551269 	 0.0939921568 	 0.1848188512
16.0000000000 	 -0.1748990740 	 0.0903971757 	 0.1861987209
16.0200000000 	 -0.1766708039 	 0.0867706916 	 0.1875035994
16.0400000000 	 -0.1783697015 	 0.0831141817 	 0.1887330658
16.0600000000 	 -0.1799951809 	 0.0794291336 	 0.1898867293
16.0800000000 	 -0.1815466865 	 0.0757170440 	 0.1909642293
16.1000000000 	 -0.1830236925 	 0.0719794186 	 0.1919652352
16.1200000000 	 -0.1844257031 	 0.0682177714 	 0.1928894465
16.1400000000 	 -0.1857522533 	 0.0644336241 	 0.1937365934
16.1600000000 	 -0.1870029083 	 0.0606285052 	 0.1945064362
16.1800000000 	 -0.1881772639 	 0.0568039499 	 0.1951987658
16.2000000000 	 -0.1892749470 	 0.0529614991 	 0.1958134037
16.2200000000 	 -0.1902956149 	 0.0491026991 	 0.1963502017
16.2400000000 	 -0.1912389563 	 0.0452291004 	 0.1968090425
16.2600000000 	 -0.1921046906 	 0.0413422579 	 0.1971898392
16.2800000000 	 -0.1928925687 	 0.0374437297 	 0.1974925355
16.3000000000 	 -0.1936023723 	 0.0335350765 	 0.1977171056
16.3200000000 	 -0.1942339147 	 0.0296178614 	 0.1978635546
16.3400000000 	 -0.1947870401 	 0.0256936488 	 0.1979319176
16.3600000000 	 -0.1952616244 	 0.0217640041 	 0.1979222606
16.3800000000 	 -0.1956575745 	 0.0178304930 	 0.1978346799
16.4000000000 	 -0.1959748288 	 0.0138946807 	 0.1976693020
16.4200000000 	 -0.1962133568 	 0.0099581316 	 0.1974262840
16.4400000000 	 -0.1963731596 	 0.0060224085 	 0.1971058127
16.4600000000 	 -0.1964542691 	 0.0020890719 	 0.1967081053
16.4800000000 	 -0.1964567487 	 -0.0018403203 	 0.1962334089
16.5000000000 	 -0.1963806929 	 -0.0057642137 	 0.1956820004
16.5200000000 	 -0.1962262272 	 -0.0096810581 	 0.1950541862
16.5400000000 	 -0.1959935079 	 -0.0135893076 	 0.1943503026
16.5600000000 	 -0.1956827224 	 -0.0174874217 	 0.1935707150
16.5800000000 	 -0.1952940888 	 -0.0213738658 	 0.1927158179
16.6000000000 	 -0.1948278558 	 -0.0252471116 	 0.1917860351
16.6200000000 	 -0.1942843025 	 -0.0291056378 	 0.1907818190
16.6400000000 	 -0.1936637385 	 -0.0329479308 	 0.1897036507
16.6600000000 	 -0.1929665035 	 -0.0367724852 	 0.1885520395
16.6800000000 	 -0.1921929673 	 -0.0405778043 	 0.1873275232
16.7000000000 	 -0.1913435295 	 -0.0443624008 	 0.1860306671
16.7200000000 	 -0.1904186193 	 -0.0481247975 	 0.1846620646
16.7400000000 	 -0.1894186954 	 -0.0518635274 	 0.1832223361
16.7600000000 	 -0.1883442457 	 -0.0555771348 	 0.1817121294
16.7800000000 	 -0.1871957871 	 -0.0592641755 	 0.1801321190
16.8000000000 	 -0.1859738653 	 -0.0629232177 	 0.1784830061
16.8200000000 	 -0.1846790545 	 -0.0665528420 	 0.1767655180
16.8400000000 	 -0.1833119572 	 -0.0701516427 	 0.1749804081
16.8600000000 	 -0.1818732036 	 -0.0737182277 	 0.1731284554
16.8800000000 	 -0.1803634520 	 -0.0772512191 	 0.1712104640
16.9000000000 	 -0.1787833879 	 -0.0807492543 	 0.1692272631
16.9200000000 	 -0.1771337239 	 -0.0842109856 	 0.1671797067
16.9400000000 	 -0.1754151994 	 -0.0876350817 	 0.1650686726
16.9600000000 	 -0.1736285803 	 -0.0910202275 	 0.1628950629
16.9800000000 	 -0.1717746586 	 -0.0943651247 	 0.1606598029
17.0000000000 	 -0.1698542522 	 -0.0976684928 	 0.1583638412
17.0200000000 	 -0.1678682042 	 -0.1009290687 	 0.1560081491
17.0400000000 	 -0.1658173830 	 -0.1041456081 	 0.1535937201
17.0600000000 	 -0.1637026816 	 -0.1073168854 	 0.1511215696
17.0800000000 	 -0.1615250174 	 -0.1104416943 	 0.1485927347
17.1000000000 	 -0.1592853315 	 -0.1135188483 	 0.1460082733
17.1200000000 	 -0.1569845889 	 -0.1165471811 	 0.1433692640
17.1400000000 	 -0.1546237774 	 -0.1195255470 	 0.1406768058
17.1600000000 	 -0.1522039076 	 -0.1224528214 	 0.1379320170
17.1800000000 	 -0.1497260125 	 -0.1253279014 	 0.1351360356
17.2000000000 	 -0.1471911468 	 -0.1281497057 	 0.1322900182
17.2200000000 	 -0.1446003865 	 -0.1309171755 	 0.1293951397
17.2400000000 	 -0.1419548289 	 -0.1336292747 	 0.1264525929
17.2600000000 	 -0.1392555914 	 -0.1362849901 	 0.1234635879
17.2800000000 	 -0.1365038118 	 -0.1388833323 	 0.1204293520
17.3000000000 	 -0.1337006471 	 -0.1414233355 	 0.1173511285
17.3200000000 	 -0.1308472736 	 -0.1439040580 	 0.1142301768
17.3400000000 	 -0.1279448861 	 -0.1463245829 	 0.1110677716
17.3600000000 	 -0.1249946975 	 -0.1486840180 	 0.1078652024
17.3800000000 	 -0.1219979384 	 -0.1509814962 	 0.1046237731
17.4000000000 	 -0.1189558563 	 -0.1532161760 	 0.1013448016
17.4200000000 	 -0.1158697155 	 -0.1553872418 	 0.0980296188
17.4400000000 	 -0.1127407960 	 -0.1574939039 	 0.0946795685
17.4600000000 	 -0.1095703938 	 -0.1595353991 	 0.0912960067
17.4800000000 	 -0.1063598194 	 -0.1615109908 	 0.0878803010
17.5000000000 	 -0.1031103982 	 -0.1634199694 	 0.0844338303
17.5200000000 	 -0.0998234693 	 -0.1652616524 	 0.0809579839
17.5400000000 	 -0.0965003851 	 -0.1670353847 	 0.0774541611
17.5600000000 	 -0.0931425111 	 -0.1687405388 	 0.0739237709
17.5800000000 	 -0.0897512248 	 -0.1703765151 	 0.0703682310
17.6000000000 	 -0.0863279155 	 -0.1719427421 	 0.0667889675
17.6200000000 	 -0.0828739837 	 -0.1734386764 	 0.0631874143
17.6400000000 	 -0.0793908405 	 -0.1748638032 	 0.0595650125
17.6600000000 	 -0.0758799069 	 -0.1762176362 	 0.0559232097
17.6800000000 	 -0.0723426134 	 -0.1774997178 	 0.0522634598
17.7000000000 	 -0.0687803994 	 -0.1787096196 	 0.0485872220
17.7200000000 	 -0.0651947125 	 -0.1798469420 	 0.0448959606
17.7400000000 	 -0.0615870080 	 -0.1809113145 	 0.0411911439
17.7600000000 	 -0.0579587485 	 -0.1819023962 	 0.0374742444
17.7800000000 	 -0.0543114029 	 -0.1828198754 	 0.0337467375
17.8000000000 	 -0.0506464461 	 -0.1836634699 	 0.0300101011
17.8200000000 	 -0.0469653583 	 -0.1844329271 	 0.0262658155
17.8400000000 	 -0.0432696247 	 -0.1851280240 	 0.0225153620
17.8600000000 	 -0.0395607344 	 -0.1857485673 	 0.0187602230
17.8800000000 	 -0.0358401802 	 -0.1862943936 	 0.0150018811
17.9000000000 	 -0.0321094577 	 -0.1867653689 	 0.0112418187
17.9200000000 	 -0.0283700651 	 -0.1871613894 	 0.0074815172
17.9400000000 	 -0.0246235023 	 -0.1874823808 	 0.0037224565
17.9600000000 	 -0.0208712704 	 -0.1877282987 	 -0.0000338854
17.9800000000 	 -0.0171148710 	 -0.1878991286 	 -0.0037860332
18.0000000000 	 -0.0133558057 	 -0.1879948855 	 -0.0075325149
18.0200000000 	 -0.0095955757 	 -0.1880156143 	 -0.0112718620
18.0400000000 	 -0.0058356808 	 -0.1879613895 	 -0.0150026107
18.0600000000 	 -0.0020776192 	 -0.1878323153 	 -0.0187233017
18.0800000000 	 0.0016771137 	 -0.1876285254 	 -0.0224324815
18.1000000000 	 0.0054270248 	 -0.1873501827 	 -0.0261287025
18.1200000000 	 0.0091706252 	 -0.1869974798 	 -0.0298105237
18.1400000000 	 0.0129064298 	 -0.1865706385 	 -0.0334765112
18.1600000000 	 0.0166329582 	 -0.1860699095 	 -0.0371252390
18.1800000000 	 0.0203487354 	 -0.1854955727 	 -0.0407552891
18.2000000000 	 0.0240522924 	 -0.1848479367 	 -0.0443652525
18.2200000000 	 0.0277421665 	 -0.1841273390 	 -0.0479537295
18.2400000000 	 0.0314169020 	 -0.1833341455 	 -0.0515193302
18.2600000000 	 0.0350750509 	 -0.1824687505 	 -0.0550606753
18.2800000000 	 0.0387151735 	 -0.1815315765 	 -0.0585763963
18.3000000000 	 0.0423358385 	 -0.1805230739 	 -0.0620651362
18.3200000000 	 0.0459356241 	 -0.1794437210 	 -0.0655255500
18.3400000000 	 0.0495131183 	 -0.1782940236 	 -0.0689563052
18.3600000000 	 0.0530669196 	 -0.1770745148 	 -0.0723560824
18.3800000000 	 0.0565956373 	 -0.1757857548 	 -0.0757235757
18.4000000000 	 0.0600978920 	 -0.1744283306 	 -0.0790574932
18.4200000000 	 0.0635723168 	 -0.1730028560 	 -0.0823565574
18.4400000000 	 0.0670175569 	 -0.1715099708 	 -0.0856195060
18.4600000000 	 0.0704322707 	 -0.1699503410 	 -0.0888450920
18.4800000000 	 0.0738151302 	 -0.1683246584 	 -0.0920320845
18.5000000000 	 0.0771648214 	 -0.1666336400 	 -0.0951792690
18.5200000000 	 0.0804800451 	 -0.1648780282 	 -0.0982854477
18.5400000000 	 0.0837595170 	 -0.1630585899 	 -0.1013494404
18.5600000000 	 0.0870019685 	 -0.1611761169 	 -0.1043700845
18.5800000000 	 0.0902061469 	 -0.1592314248 	 -0.1073462357
18.6000000000 	 0.0933708163 	 -0.1572253530 	 -0.1102767682
18.6200000000 	 0.0964947576 	 -0.1551587646 	 -0.1131605755
18.6400000000 	 0.0995767693 	 -0.1530325455 	 -0.1159965703
18.6600000000 	 0.1026156679 	 -0.1508476045 	 -0.1187836855
18.6800000000 	 0.1056102882 	 -0.1486048725 	 -0.1215208741
18.7000000000 	 0.1085594839 	 -0.1463053025 	 -0.1242071098
18.7200000000 	 0.1114621279 	 -0.1439498690 	 -0.1268413874
18.7400000000 	 0.1143171129 	 -0.1415395675 	 -0.1294227231
18.7600000000 	 0.1171233516 	 -0.1390754144 	 -0.1319501548
18.7800000000 	 0.1198797773 	 -0.1365584462 	 -0.1344227429
18.8000000000 	 0.1225853444 	 -0.1339897194 	 -0.1368395698
18.8200000000 	 0.1252390282 	 -0.1313703098 	 -0.1391997413
18.8400000000 	 0.1278398262 	 -0.1287013121 	 -0.1415023858
18.8600000000 	 0.1303867575 	 -0.1259838397 	 -0.1437466557
18.8800000000 	 0.1328788641 	 -0.1232190239 	 -0.1459317268
18.9000000000 	 0.1353152105 	 -0.1204080137 	 -0.1480567993
18.9200000000 	 0.1376948845 	 -0.1175519752 	 -0.1501210975
18.9400000000 	 0.1400169972 	 -0.1146520910 	 -0.1521238706
18.9600000000 	 0.1422806838 	 -0.1117095601 	 -0.1540643927
18.9800000000 	 0.1444851034 	 -0.1087255969 	 -0.1559419629
19.0000000000 	 0.1466294397 	 -0.1057014311 	 -0.1577559061
19.0200000000 	 0.1487129009 	 -0.1026383072 	 -0.1595055726
19.0400000000 	 0.1507347206 	 -0.0995374835 	 -0.1611903386
19.0600000000 	 0.1526941574 	 -0.0964002323 	 -0.1628096068
19.0800000000 	 0.1545904956 	 -0.0932278388 	 -0.1643628058
19.1000000000 	 0.1564230453 	 -0.0900216009 	 -0.1658493910
19.1200000000 	 0.1581911428 	 -0.0867828287 	 -0.1672688445
19.1400000000 	 0.1598941504 	 -0.0835128435 	 -0.1686206753
19.1600000000 	 0.1615314573 	 -0.0802129781 	 -0.1699044195
19.1800000000 	 0.1631024793 	 -0.0768845754 	 -0.1711196404
19.2000000000 	 0.1646066591 	 -0.0735289883 	 -0.1722659287
19.2200000000 	 0.1660434666 	 -0.0701475792 	 -0.1733429026
19.2400000000 	 0.1674123992 	 -0.0667417194 	 -0.1743502079
19.2600000000 	 0.1687129816 	 -0.0633127883 	 -0.1752875183
19.2800000000 	 0.1699447662 	 -0.0598621730 	 -0.1761545352
19.3000000000 	 0.1711073333 	 -0.0563912682 	 -0.1769509880
19.3200000000 	 0.1722002910 	 -0.0529014747 	 -0.1776766341
19.3400000000 	 0.1732232757 	 -0.0493941997 	 -0.1783312591
19.3600000000 	 0.1741759519 	 -0.0458708557 	 -0.1789146766
19.3800000000 	 0.1750580123 	 -0.0423328604 	 -0.1794267285
19.4000000000 	 0.1758691781 	 -0.0387816355 	 -0.1798672848
19.4200000000 	 0.1766091990 	 -0.0352186069 	 -0.1802362440
19.4400000000 	 0.1772778532 	 -0.0316452035 	 -0.1805335326
19.4600000000 	 0.1778749475 	 -0.0280628568 	 -0.1807591055
19.4800000000 	 0.1784003174 	 -0.0244730006 	 -0.1809129458
19.5000000000 	 0.1788538270 	 -0.0208770701 	 -0.1809950650
19.5200000000 	 0.1792353693 	 -0.0172765016 	 -0.1810055027
19.5400000000 	 0.1795448658 	 -0.0136727316 	 -0.1809443265
19.5600000000 	 0.1797822668 	 -0.0100671965 	 -0.1808116325
19.5800000000 	 0.1799475514 	 -0.0064613320 	 -0.1806075445
19.6000000000 	 0.1800407274 	 -0.0028565724 	 -0.1803322144
19.6200000000 	 0.1800618312 	 0.0007456497 	 -0.1799858221
19.6400000000 	 0.1800109279 	 0.0043439045 	 -0.1795685751
19.6600000000 	 0.1798881110 	 0.0079367647 	 -0.1790807087
19.6800000000 	 0.1796935028 	 0.0115228070 	 -0.1785224858
19.7000000000 	 0.1794272537 	 0.0151006121 	 -0.1778941966
19.7200000000 	 0.1790895426 	 0.0186687653 	 -0.1771961587
19.7400000000 	 0.1786805768 	 0.0222258573 	 -0.1764287169
19.7600000000 	 0.1782005914 	 0.0257704843 	 -0.1755922428
19.7800000000 	 0.1776498498 	 0.0293012493 	 -0.1746871350
19.8000000000 	 0.1770286431 	 0.0328167618 	 -0.1737138187
19.8200000000 	 0.1763372903 	 0.0363156389 	 -0.1726727455
19.8400000000 	 0.1755761377 	 0.0397965056 	 -0.1715643931
19.8600000000 	 0.1747455592 	 0.0432579955 	 -0.1703892656
19.8800000000 	 0.1738459561 	 0.0466987512 	 -0.1691478926
19.9000000000 	 0.1728777564 	 0.0501174248 	 -0.1678408293
19.9200000000 	 0.1718414152 	 0.0535126787 	 -0.1664686563
19.9400000000 	 0.1707374142 	 0.0568831857 	 -0.1650319794
19.9600000000 	 0.1695662615 	 0.0602276298 	 -0.1635314289
19.9800000000 	 0.1683284915 	 0.0635447067 	 -0.1619676600
