-4.9970000000 	 -2.7920709456 	 -2.7920709288
-4.9850000000 	 -0.5701560578 	 -0.5701560523
-4.9730000000 	 -0.3235586447 	 -0.3235586419
-4.9610000000 	 -0.2289172860 	 -0.2289172843
-4.9490000000 	 -0.1789758340 	 -0.1789758330
-4.9370000000 	 -0.1481974648 	 -0.1481974612
-4.9250000000 	 -0.1273892287 	 -0.1273892261
-4.9130000000 	 -0.1124304450 	 -0.1124304431
-4.9010000000 	 -0.1011986087 	 -0.1011986073
-4.8890000000 	 -0.0924893148 	 -0.0924893137
-4.8770000000 	 -0.0855684209 	 -0.0855684201
-4.8650000000 	 -0.0799630588 	 -0.0799630582
-4.8530000000 	 -0.0753550080 	 -0.0753550076
-4.8410000000 	 -0.0715223551 	 -0.0715223548
-4.8290000000 	 -0.0683057186 	 -0.0683057185
-4.8170000000 	 -0.0655877641 	 -0.0655877641
-4.8050000000 	 -0.0632802714 	 -0.0632802845
-4.7930000000 	 -0.0613157633 	 -0.0613157753
-4.7810000000 	 -0.0596417707 	 -0.0596417817
-4.7690000000 	 -0.0582169995 	 -0.0582170097
-4.7570000000 	 -0.0570085807 	 -0.0570085903
-4.7450000000 	 -0.0559901100 	 -0.0559901190
-4.7330000000 	 -0.0551402172 	 -0.0551402257
-4.7210000000 	 -0.0544415078 	 -0.0544415158
-4.7090000000 	 -0.0538797686 	 -0.0538797762
-4.6970000000 	 -0.0534433643 	 -0.0534433717
-4.6850000000 	 -0.0531227756 	 -0.0531227827
-4.6730000000 	 -0.0529102410 	 -0.0529102477
-4.6610000000 	 -0.0527994785 	 -0.0527994851
-4.6490000000 	 -0.0527854685 	 -0.0527854749
-4.6370000000 	 -0.0528642823 	 -0.0528642885
-4.6250000000 	 -0.0530329493 	 -0.0530329554
-4.6130000000 	 -0.0532893525 	 -0.0532893585
-4.6010000000 	 -0.0536321490 	 -0.0536321549
-4.5890000000 	 -0.0540607096 	 -0.0540607154
-4.5770000000 	 -0.0545750756 	 -0.0545750814
-4.5650000000 	 -0.0551759297 	 -0.0551759354
-4.5530000000 	 -0.0558645799 	 -0.0558645856
-4.5410000000 	 -0.0566429553 	 -0.0566429610
-4.5290000000 	 -0.0575136123 	 -0.0575136181
-4.5170000000 	 -0.0584797521 	 -0.0584797580
-4.5050000000 	 -0.0595452492 	 -0.0595452552
-4.4930000000 	 -0.0607146904 	 -0.0607146966
-4.4810000000 	 -0.0619934268 	 -0.0619934332
-4.4690000000 	 -0.0633876380 	 -0.0633876447
-4.4570000000 	 -0.0649044125 	 -0.0649044196
-4.4450000000 	 -0.0665518438 	 -0.0665518514
-4.4330000000 	 -0.0683391464 	 -0.0683391546
-4.4210000000 	 -0.0702767953 	 -0.0702768045
-4.4090000000 	 -0.0723766925 	 -0.0723767031
-4.3970000000 	 -0.0746523654 	 -0.0746523782
-4.3850000000 	 -0.0771192057 	 -0.0771192222
-4.3730000000 	 -0.0797947543 	 -0.0797947788
-4.3610000000 	 -0.0826990341 	 -0.0826990882
-4.3490000000 	 -0.0858552661 	 -0.0858551057
-4.3370000000 	 -0.0892892411 	 -0.0892892114
-4.3250000000 	 -0.0930318491 	 -0.0930318334
-4.3130000000 	 -0.0971182270 	 -0.0971182167
-4.3010000000 	 -0.1015893836 	 -0.1015893761
-4.2890000000 	 -0.1064932946 	 -0.1064932889
-4.2770000000 	 -0.1118864016 	 -0.1118863971
-4.2650000000 	 -0.1178355242 	 -0.1178355205
-4.2530000000 	 -0.1244203173 	 -0.1244203142
-4.2410000000 	 -0.1317364636 	 -0.1317364610
-4.2290000000 	 -0.1398998717 	 -0.1398998695
-4.2170000000 	 -0.1490522670 	 -0.1490522651
-4.2050000000 	 -0.1593687480 	 -0.1593687463
-4.1930000000 	 -0.1710681623 	 -0.1710681608
-4.1810000000 	 -0.1844276106 	 -0.1844276094
-4.1690000000 	 -0.1998031322 	 -0.1998031311
-4.1570000000 	 -0.2176598761 	 -0.2176598752
-4.1450000000 	 -0.2386172571 	 -0.2386172562
-4.1330000000 	 -0.2635185564 	 -0.2635185556
-4.1210000000 	 -0.2935419407 	 -0.2935419400
-4.1090000000 	 -0.3303848158 	 -0.3303848152
-4.0970000000 	 -0.3765850221 	 -0.3765850216
-4.0850000000 	 -0.4361141038 	 -0.4361141034
-4.0730000000 	 -0.5155557236 	 -0.5155557232
-4.0610000000 	 -0.6266749958 	 -0.6266749955
-4.0490000000 	 -0.7927631717 	 -0.7927631715
-4.0370000000 	 -1.0673256349 	 -1.0673287447
-4.0250000000 	 -1.6066134851 	 -1.6066189513
-4.0130000000 	 -3.1437938990 	 -3.1437988290
-4.0010000000 	 -41.6039873389 	 -41.6040228305
-3.9890000000 	 3.8518714609 	 3.8518714236
-3.9770000000 	 1.8769716066 	 1.8769715899
-3.9650000000 	 1.2572759797 	 1.2572759702
-3.9530000000 	 0.9547864152 	 0.9547864092
-3.9410000000 	 0.7759793782 	 0.7759793584
-3.9290000000 	 0.6581654589 	 0.6581654446
-3.9170000000 	 0.5749106344 	 0.5749106238
-3.9050000000 	 0.5131381583 	 0.5131381505
-3.8930000000 	 0.4656385789 	 0.4656385730
-3.8810000000 	 0.4281115065 	 0.4281115021
-3.8690000000 	 0.3978332862 	 0.3978332830
-3.8570000000 	 0.3729954974 	 0.3729954952
-3.8450000000 	 0.3523507371 	 0.3523507357
-3.8330000000 	 0.3350111244 	 0.3350111236
-3.8210000000 	 0.3203278599 	 0.3203278597
-3.8090000000 	 0.3078161924 	 0.3078161928
-3.7970000000 	 0.2971069466 	 0.2971070058
-3.7850000000 	 0.2879145670 	 0.2879146213
-3.7730000000 	 0.2800147753 	 0.2800148255
-3.7610000000 	 0.2732294728 	 0.2732295194
-3.7490000000 	 0.2674157375 	 0.2674157811
-3.7370000000 	 0.2624578894 	 0.2624579303
-3.7250000000 	 0.2582616406 	 0.2582616792
-3.7130000000 	 0.2547497235 	 0.2547497602
-3.7010000000 	 0.2518585814 	 0.2518586163
-3.6890000000 	 0.2495358357 	 0.2495358691
-3.6770000000 	 0.2477383302 	 0.2477383623
-3.6650000000 	 0.2464306082 	 0.2464306391
-3.6530000000 	 0.2455837189 	 0.2455837488
-3.6410000000 	 0.2451742798 	 0.2451743089
-3.6290000000 	 0.2451837364 	 0.2451837647
-3.6170000000 	 0.2455977801 	 0.2455978078
-3.6050000000 	 0.2464058930 	 0.2464059201
-3.5930000000 	 0.2476009946 	 0.2476010213
-3.5810000000 	 0.2491791759 	 0.2491792023
-3.5690000000 	 0.2511395042 	 0.2511395304
-3.5570000000 	 0.2534838926 	 0.2534839187
-3.5450000000 	 0.2562170240 	 0.2562170501
-3.5330000000 	 0.2593463281 	 0.2593463543
-3.5210000000 	 0.2628820054 	 0.2628820319
-3.5090000000 	 0.2668371003 	 0.2668371273
-3.4970000000 	 0.2712276213 	 0.2712276489
-3.4850000000 	 0.2760727120 	 0.2760727404
-3.4730000000 	 0.2813948756 	 0.2813949051
-3.4610000000 	 0.2872202589 	 0.2872202899
-3.4490000000 	 0.2935790028 	 0.2935790358
-3.4370000000 	 0.3005056689 	 0.3005057045
-3.4250000000 	 0.3080397547 	 0.3080397940
-3.4130000000 	 0.3162263128 	 0.3162263573
-3.4010000000 	 0.3251166938 	 0.3251167463
-3.3890000000 	 0.3347694377 	 0.3347695034
-3.3770000000 	 0.3452513429 	 0.3452514348
-3.3650000000 	 0.3566387369 	 0.3566389039
-3.3530000000 	 0.3690174946 	 0.3690193967
-3.3410000000 	 0.3824936056 	 0.3824934261
-3.3290000000 	 0.3971769401 	 0.3971768592
-3.3170000000 	 0.4132038297 	 0.4132037794
-3.3050000000 	 0.4307300663 	 0.4307300309
-3.2930000000 	 0.4499376653 	 0.4499376387
-3.2810000000 	 0.4710403876 	 0.4710403667
-3.2690000000 	 0.4942907857 	 0.4942907688
-3.2570000000 	 0.5199892326 	 0.5199892187
-3.2450000000 	 0.5484956111 	 0.5484955994
-3.2330000000 	 0.5802446177 	 0.5802446079
-3.2210000000 	 0.6157660591 	 0.6157660506
-3.2090000000 	 0.6557121426 	 0.6557121353
-3.1970000000 	 0.7008947469 	 0.7008947405
-3.1850000000 	 0.7523372008 	 0.7523371953
-3.1730000000 	 0.8113476170 	 0.8113476122
-3.1610000000 	 0.8796250244 	 0.8796250202
-3.1490000000 	 0.9594167909 	 0.9594167872
-3.1370000000 	 1.0537587848 	 1.0537587816
-3.1250000000 	 1.1668538737 	 1.1668538709
-3.1130000000 	 1.3046915969 	 1.3046915944
-3.1010000000 	 1.4761095915 	 1.4761095893
-3.0890000000 	 1.6947137075 	 1.6947137057
-3.0770000000 	 1.9825935650 	 1.9825935634
-3.0650000000 	 2.3781538147 	 2.3781538135
-3.0530000000 	 2.9545841090 	 2.9545841081
-3.0410000000 	 3.8707511146 	 3.8707641587
-3.0290000000 	 5.5485309999 	 5.5485537952
-3.0170000000 	 9.6009381206 	 9.6009586173
-3.0050000000 	 33.1258444739 	 33.1258812109
-2.9930000000 	 -24.0215690795 	 -24.0215688587
-2.9810000000 	 -8.9886767429 	 -8.9886766593
-2.9690000000 	 -5.5979069373 	 -5.5979068922
-2.9570000000 	 -4.1024675515 	 -4.1024675239
-2.9450000000 	 -3.2618629562 	 -3.2618628687
-2.9330000000 	 -2.7243150836 	 -2.7243150210
-2.9210000000 	 -2.3517886040 	 -2.3517885582
-2.9090000000 	 -2.0790616842 	 -2.0790616503
-2.8970000000 	 -1.8713106109 	 -1.8713105857
-2.8850000000 	 -1.7082501078 	 -1.7082500892
-2.8730000000 	 -1.5772649855 	 -1.5772649720
-2.8610000000 	 -1.4700995146 	 -1.4700995051
-2.8490000000 	 -1.3811253924 	 -1.3811253862
-2.8370000000 	 -1.3063747969 	 -1.3063747934
-2.8250000000 	 -1.2429712871 	 -1.2429712858
-2.8130000000 	 -1.1887798403 	 -1.1887798410
-2.8010000000 	 -1.1421832979 	 -1.1421835299
-2.7890000000 	 -1.1019362062 	 -1.1019364178
-2.7770000000 	 -1.0670637849 	 -1.0670639793
-2.7650000000 	 -1.0367938658 	 -1.0367940456
-2.7530000000 	 -1.0105077367 	 -1.0105079039
-2.7410000000 	 -0.9877048582 	 -0.9877050145
-2.7290000000 	 -0.9679769812 	 -0.9679771281
-2.7170000000 	 -0.9509888762 	 -0.9509890149
-2.7050000000 	 -0.9364637962 	 -0.9364639277
-2.6930000000 	 -0.9241723802 	 -0.9241725054
-2.6810000000 	 -0.9139240965 	 -0.9139242162
-2.6690000000 	 -0.9055605837 	 -0.9055606985
-2.6570000000 	 -0.8989504313 	 -0.8989505419
-2.6450000000 	 -0.8939850626 	 -0.8939851695
-2.6330000000 	 -0.8905754745 	 -0.8905755781
-2.6210000000 	 -0.8886496500 	 -0.8886497509
-2.6090000000 	 -0.8881505071 	 -0.8881506055
-2.5970000000 	 -0.8890342782 	 -0.8890343748
-2.5850000000 	 -0.8912692455 	 -0.8912693405
-2.5730000000 	 -0.8948347688 	 -0.8948348625
-2.5610000000 	 -0.8997205647 	 -0.8997206576
-2.5490000000 	 -0.9059262026 	 -0.9059262952
-2.5370000000 	 -0.9134607937 	 -0.9134608863
-2.5250000000 	 -0.9223428571 	 -0.9223429502
-2.5130000000 	 -0.9326003532 	 -0.9326004473
-2.5010000000 	 -0.9442708800 	 -0.9442709757
-2.4890000000 	 -0.9574020349 	 -0.9574021329
-2.4770000000 	 -0.9720519468 	 -0.9720520481
-2.4650000000 	 -0.9882899928 	 -0.9882900984
-2.4530000000 	 -1.0061977152 	 -1.0061978266
-2.4410000000 	 -1.0258699667 	 -1.0258700859
-2.4290000000 	 -1.0474163137 	 -1.0474164437
-2.4170000000 	 -1.0709627419 	 -1.0709628872
-2.4050000000 	 -1.0966537170 	 -1.0966538851
-2.3930000000 	 -1.1246546683 	 -1.1246548732
-2.3810000000 	 -1.1551549794 	 -1.1551552526
-2.3690000000 	 -1.1883715700 	 -1.1883720087
-2.3570000000 	 -1.2245527054 	 -1.2245540957
-2.3450000000 	 -1.2639887306 	 -1.2639877654
-2.3330000000 	 -1.3070034093 	 -1.3070030766
-2.3210000000 	 -1.3539820819 	 -1.3539818900
-2.3090000000 	 -1.4053678789 	 -1.4053677486
-2.2970000000 	 -1.4616782721 	 -1.4616781762
-2.2850000000 	 -1.5235201759 	 -1.5235201017
-2.2730000000 	 -1.5916094299 	 -1.5916093707
-2.2610000000 	 -1.6667957049 	 -1.6667956566
-2.2490000000 	 -1.7500946321 	 -1.7500945919
-2.2370000000 	 -1.8427297106 	 -1.8427296768
-2.2250000000 	 -1.9461876415 	 -1.9461876128
-2.2130000000 	 -2.0622923806 	 -2.0622923560
-2.2010000000 	 -2.1933057320 	 -2.1933057108
-2.1890000000 	 -2.3420662777 	 -2.3420662593
-2.1770000000 	 -2.5121848340 	 -2.5121848180
-2.1650000000 	 -2.7083252120 	 -2.7083251980
-2.1530000000 	 -2.9366171161 	 -2.9366171039
-2.1410000000 	 -3.2052798974 	 -3.2052798867
-2.1290000000 	 -3.5255944651 	 -3.5255944558
-2.1170000000 	 -3.9134733132 	 -3.9134733050
-2.1050000000 	 -4.3921071543 	 -4.3921071472
-2.0930000000 	 -4.9966605816 	 -4.9966605756
-2.0810000000 	 -5.7831416733 	 -5.7831416682
-2.0690000000 	 -6.8465268639 	 -6.8465268598
-2.0570000000 	 -8.3617804221 	 -8.3617804190
-2.0450000000 	 -10.6905051344 	 -10.6905051325
-2.0330000000 	 -14.7202138132 	 -14.7202854477
-2.0210000000 	 -23.3674287612 	 -23.3674929136
-2.0090000000 	 -55.1024779088 	 -55.1025353738
-1.9970000000 	 167.1308761973 	 167.1308751972
-1.9850000000 	 33.8089409437 	 33.8089406198
-1.9730000000 	 19.0057468825 	 19.0057467211
-1.9610000000 	 13.3195963928 	 13.3195962973
-1.9490000000 	 10.3151074187 	 10.3151073582
-1.9370000000 	 8.4600564853 	 8.4600562804
-1.9250000000 	 7.2028517235 	 7.2028515750
-1.9130000000 	 6.2962364083 	 6.2962362990
-1.9010000000 	 5.6128433760 	 5.6128432951
-1.8890000000 	 5.0803903703 	 5.0803903105
-1.8770000000 	 4.6548097589 	 4.6548097154
-1.8650000000 	 4.3077091025 	 4.3077090717
-1.8530000000 	 4.0199735193 	 4.0199734986
-1.8410000000 	 3.7782651274 	 3.7782651150
-1.8290000000 	 3.5729964410 	 3.5729964355
-1.8170000000 	 3.3971011558 	 3.3971011560
-1.8050000000 	 3.2452581678 	 3.2452588400
-1.7930000000 	 3.1133887094 	 3.1133893183
-1.7810000000 	 2.9983127985 	 2.9983133543
-1.7690000000 	 2.8975186080 	 2.8975191185
-1.7570000000 	 2.8089974296 	 2.8089979014
-1.7450000000 	 2.7311258218 	 2.7311262604
-1.7330000000 	 2.6625795887 	 2.6625799983
-1.7210000000 	 2.6022700115 	 2.6022703959
-1.7090000000 	 2.5492959168 	 2.5492962792
-1.6970000000 	 2.5029071968 	 2.5029075398
-1.6850000000 	 2.4624767348 	 2.4624770608
-1.6730000000 	 2.4274785866 	 2.4274788976
-1.6610000000 	 2.3974708740 	 2.3974711718
-1.6490000000 	 2.3720822755 	 2.3720825616
-1.6370000000 	 2.3510012902 	 2.3510015661
-1.6250000000 	 2.3339676684 	 2.3339679354
-1.6130000000 	 2.3207655508 	 2.3207658101
-1.6010000000 	 2.3112179726 	 2.3112182252
-1.5890000000 	 2.3051824715 	 2.3051827186
-1.5770000000 	 2.3025476006 	 2.3025478432
-1.5650000000 	 2.3032301926 	 2.3032304317
-1.5530000000 	 2.3071732619 	 2.3071734985
-1.5410000000 	 2.3143444566 	 2.3143446918
-1.5290000000 	 2.3247349966 	 2.3247352315
-1.5170000000 	 2.3383590528 	 2.3383592887
-1.5050000000 	 2.3552535391 	 2.3552537773
-1.4930000000 	 2.3754783016 	 2.3754785439
-1.4810000000 	 2.3991167042 	 2.3991169525
-1.4690000000 	 2.4262766211 	 2.4262768779
-1.4570000000 	 2.4570918617 	 2.4570921302
-1.4450000000 	 2.4917240659 	 2.4917243504
-1.4330000000 	 2.5303651251 	 2.5303654316
-1.4210000000 	 2.5732402010 	 2.5732405388
-1.4090000000 	 2.6206114401 	 2.6206118240
-1.3970000000 	 2.6727825037 	 2.6727829600
-1.3850000000 	 2.7301040680 	 2.7301046519
-1.3730000000 	 2.7929804663 	 2.7929813264
-1.3610000000 	 2.8618773874 	 2.8618792610
-1.3490000000 	 2.9373419699 	 2.9373364826
-1.3370000000 	 3.0199758715 	 3.0199748659
-1.3250000000 	 3.1105155126 	 3.1105149899
-1.3130000000 	 3.2097948202 	 3.2097944812
-1.3010000000 	 3.3187910534 	 3.3187908105
-1.2890000000 	 3.4386500120 	 3.4386498278
-1.2770000000 	 3.5707219142 	 3.5707217694
-1.2650000000 	 3.7166072160 	 3.7166070992
-1.2530000000 	 3.8782155404 	 3.8782154443
-1.2410000000 	 4.0578422618 	 4.0578421817
-1.2290000000 	 4.2582692153 	 4.2582691478
-1.2170000000 	 4.4828988603 	 4.4828988029
-1.2050000000 	 4.7359356053 	 4.7359355562
-1.1930000000 	 5.0226348132 	 5.0226347709
-1.1810000000 	 5.3496508957 	 5.3496508592
-1.1690000000 	 5.7255337423 	 5.7255337107
-1.1570000000 	 6.1614528469 	 6.1614528194
-1.1450000000 	 6.6722810343 	 6.6722810104
-1.1330000000 	 7.2782649016 	 7.2782648808
-1.1210000000 	 8.0076892766 	 8.0076892585
-1.1090000000 	 8.9013017224 	 8.9013017068
-1.0970000000 	 10.0200212505 	 10.0200212371
-1.0850000000 	 11.4591768085 	 11.4591767972
-1.0730000000 	 13.3767892571 	 13.3767892478
-1.0610000000 	 16.0552354048 	 16.0552353976
-1.0490000000 	 20.0535204878 	 20.0535204829
-1.0370000000 	 26.6557870801 	 26.6558647464
-1.0250000000 	 39.6120847129 	 39.6122194851
-1.0130000000 	 76.5184445315 	 76.5185645263
-1.0010000000 	 999.5777742810 	 999.5786270022
-0.9890000000 	 -91.3474693846 	 -91.3474685011
-0.9770000000 	 -43.9338029630 	 -43.9338025714
-0.9650000000 	 -29.0443099338 	 -29.0443097128
-0.9530000000 	 -21.7670079458 	 -21.7670078090
-0.9410000000 	 -17.4573039989 	 -17.4573035537
-0.9290000000 	 -14.6106223212 	 -14.6106220031
-0.9170000000 	 -12.5925143838 	 -12.5925141520
-0.9050000000 	 -11.0891042442 	 -11.0891040738
-0.8930000000 	 -9.9273288042 	 -9.9273286789
-0.8810000000 	 -9.0039401020 	 -9.0039400108
-0.8690000000 	 -8.2535292831 	 -8.2535292182
-0.8570000000 	 -7.6326504265 	 -7.6326503823
-0.8450000000 	 -7.1113191470 	 -7.1113191194
-0.8330000000 	 -6.6681765078 	 -6.6681764937
-0.8210000000 	 -6.2875982128 	 -6.2875982099
-0.8090000000 	 -5.9578935660 	 -5.9578935725
-0.7970000000 	 -5.6701421486 	 -5.6701432785
-0.7850000000 	 -5.4174254334 	 -5.4174264552
-0.7730000000 	 -5.1942919799 	 -5.1942929103
-0.7610000000 	 -4.9963935623 	 -4.9963944149
-0.7490000000 	 -4.8202210154 	 -4.8202218010
-0.7370000000 	 -4.6629133567 	 -4.6629140843
-0.7250000000 	 -4.5221169379 	 -4.5221176149
-0.7130000000 	 -4.3958799885 	 -4.3958806213
-0.7010000000 	 -4.2825726161 	 -4.2825732101
-0.6890000000 	 -4.1808253931 	 -4.1808259529
-0.6770000000 	 -4.0894817059 	 -4.0894822355
-0.6650000000 	 -4.0075604226 	 -4.0075609254
-0.6530000000 	 -3.9342263923 	 -3.9342268714
-0.6410000000 	 -3.8687669534 	 -3.8687674115
-0.6290000000 	 -3.8105731028 	 -3.8105735423
-0.6170000000 	 -3.7591243166 	 -3.7591247397
-0.6050000000 	 -3.7139762609 	 -3.7139766697
-0.5930000000 	 -3.6747508136 	 -3.6747512100
-0.5810000000 	 -3.6411279523 	 -3.6411283380
-0.5690000000 	 -3.6128391665 	 -3.6128395433
-0.5570000000 	 -3.5896621306 	 -3.5896625001
-0.5450000000 	 -3.5714164321 	 -3.5714167960
-0.5330000000 	 -3.5579601989 	 -3.5579605590
-0.5210000000 	 -3.5491875051 	 -3.5491878632
-0.5090000000 	 -3.5450264663 	 -3.5450268244
-0.4970000000 	 -3.5454379597 	 -3.5454383201
-0.4850000000 	 -3.5504149267 	 -3.5504152921
-0.4730000000 	 -3.5599822360 	 -3.5599826096
-0.4610000000 	 -3.5741971013 	 -3.5741974872
-0.4490000000 	 -3.5931500681 	 -3.5931504717
-0.4370000000 	 -3.6169666019 	 -3.6169670307
-0.4250000000 	 -3.6458093301 	 -3.6458097948
-0.4130000000 	 -3.6798810135 	 -3.6798815312
-0.4010000000 	 -3.7194283514 	 -3.7194289511
-0.3890000000 	 -3.7647467508 	 -3.7647474897
-0.3770000000 	 -3.8161862206 	 -3.8161872373
-0.3650000000 	 -3.8741584412 	 -3.8741602549
-0.3530000000 	 -3.9391292691 	 -3.9391495735
-0.3410000000 	 -4.0117221501 	 -4.0117202678
-0.3290000000 	 -4.0925339447 	 -4.0925331112
-0.3170000000 	 -4.1823619832 	 -4.1823614748
-0.3050000000 	 -4.2821126992 	 -4.2821123477
-0.2930000000 	 -4.3928529015 	 -4.3928526416
-0.2810000000 	 -4.5158425477 	 -4.5158423473
-0.2690000000 	 -4.6525768260 	 -4.6525766671
-0.2570000000 	 -4.8048401749 	 -4.8048400463
-0.2450000000 	 -4.9747762776 	 -4.9747761718
-0.2330000000 	 -5.1649797717 	 -5.1649796837
-0.2210000000 	 -5.3786179179 	 -5.3786178440
-0.2090000000 	 -5.6195942559 	 -5.6195941934
-0.1970000000 	 -5.8927721448 	 -5.8927720917
-0.1850000000 	 -6.2042853699 	 -6.2042853245
-0.1730000000 	 -6.5619780829 	 -6.5619780439
-0.1610000000 	 -6.9760415484 	 -6.9760415149
-0.1490000000 	 -7.4599586405 	 -7.4599586116
-0.1370000000 	 -8.0319447753 	 -8.0319447504
-0.1250000000 	 -8.7172188807 	 -8.7172188594
-0.1130000000 	 -9.5517214138 	 -9.5517213956
-0.1010000000 	 -10.5884829057 	 -10.5884828901
-0.0890000000 	 -11.9091446492 	 -11.9091446361
-0.0770000000 	 -13.6462520423 	 -13.6462520316
-0.0650000000 	 -16.0302421657 	 -16.0302421573
-0.0530000000 	 -19.5002636195 	 -19.5002636135
-0.0410000000 	 -25.0095226118 	 -25.0096068920
-0.0290000000 	 -35.0893005989 	 -35.0894447583
-0.0170000000 	 -59.4176993481 	 -59.4178261967
-0.0050000000 	 -200.5819613071 	 -200.5821837552
0.0070000000 	 142.2868077585 	 142.2868064521
0.0190000000 	 52.0728348383 	 52.0728343545
0.0310000000 	 31.7106661225 	 31.7106658670
0.0430000000 	 22.7195247573 	 22.7195246045
0.0550000000 	 17.6564107690 	 17.6564102953
0.0670000000 	 14.4106276142 	 14.4106272832
0.0790000000 	 12.1539328799 	 12.1539326430
0.0910000000 	 10.4949628978 	 10.4949627262
0.1030000000 	 9.2247403175 	 9.2247401929
0.1150000000 	 8.2215158718 	 8.2215157819
0.1270000000 	 7.4095581274 	 7.4095580637
0.1390000000 	 6.7392895590 	 6.7392895154
0.1510000000 	 6.1768941710 	 6.1768941432
0.1630000000 	 5.6985156236 	 5.6985156083
0.1750000000 	 5.2868424197 	 5.2868424144
0.1870000000 	 4.9290078911 	 4.9290078940
0.1990000000 	 4.6152490645 	 4.6152500019
0.2110000000 	 4.3380276011 	 4.3380284341
0.2230000000 	 4.0914260594 	 4.0914268048
0.2350000000 	 3.8707373181 	 3.8707379891
0.2470000000 	 3.6721697322 	 3.6721703397
0.2590000000 	 3.4926350224 	 3.4926355751
0.2710000000 	 3.3295925185 	 3.3295930238
0.2830000000 	 3.1809330335 	 3.1809334974
0.2950000000 	 3.0448910799 	 3.0448915074
0.3070000000 	 2.9199776763 	 2.9199780718
0.3190000000 	 2.8049283205 	 2.8049286878
0.3310000000 	 2.6986622810 	 2.6986626231
0.3430000000 	 2.6002504340 	 2.6002507537
0.3550000000 	 2.5088896254 	 2.5088899252
0.3670000000 	 2.4238820626 	 2.4238823446
0.3790000000 	 2.3446186228 	 2.3446188888
0.3910000000 	 2.2705652345 	 2.2705654862
0.4030000000 	 2.2012516938 	 2.2012519328
0.4150000000 	 2.1362624212 	 2.1362626488
0.4270000000 	 2.0752287767 	 2.0752289942
0.4390000000 	 2.0178226373 	 2.0178228458
0.4510000000 	 1.9637509984 	 1.9637511991
0.4630000000 	 1.9127514168 	 1.9127516108
0.4750000000 	 1.8645881437 	 1.8645883320
0.4870000000 	 1.8190488301 	 1.8190490136
0.4990000000 	 1.7759417077 	 1.7759418877
0.5110000000 	 1.7350931678 	 1.7350933455
0.5230000000 	 1.6963456731 	 1.6963458498
0.5350000000 	 1.6595559510 	 1.6595561284
0.5470000000 	 1.6245934253 	 1.6245936052
0.5590000000 	 1.5913388492 	 1.5913390342
0.5710000000 	 1.5596831117 	 1.5596833052
0.5830000000 	 1.5295261905 	 1.5295263979
0.5950000000 	 1.5007762321 	 1.5007764621
0.6070000000 	 1.4733487389 	 1.4733490074
0.6190000000 	 1.4471658454 	 1.4471661876
0.6310000000 	 1.4221556415 	 1.4221561665
0.6430000000 	 1.3982509673 	 1.3982525547
0.6550000000 	 1.3753949594 	 1.3753939091
0.6670000000 	 1.3535236301 	 1.3535232855
0.6790000000 	 1.3325880290 	 1.3325878401
0.6910000000 	 1.3125385930 	 1.3125384713
0.7030000000 	 1.2933295838 	 1.2933294989
0.7150000000 	 1.2749184381 	 1.2749183760
0.7270000000 	 1.2572654755 	 1.2572654287
0.7390000000 	 1.2403336578 	 1.2403336219
0.7510000000 	 1.2240883753 	 1.2240883472
0.7630000000 	 1.2084972537 	 1.2084972316
0.7750000000 	 1.1935299803 	 1.1935299627
0.7870000000 	 1.1791581456 	 1.1791581316
0.7990000000 	 1.1653550996 	 1.1653550883
0.8110000000 	 1.1520958210 	 1.1520958119
0.8230000000 	 1.1393567975 	 1.1393567902
0.8350000000 	 1.1271159170 	 1.1271159112
0.8470000000 	 1.1153523681 	 1.1153523634
0.8590000000 	 1.1040465479 	 1.1040465442
0.8710000000 	 1.0931799793 	 1.0931799765
0.8830000000 	 1.0827352336 	 1.0827352313
0.8950000000 	 1.0726958596 	 1.0726958579
0.9070000000 	 1.0630463192 	 1.0630463179
0.9190000000 	 1.0537719272 	 1.0537719263
0.9310000000 	 1.0448587961 	 1.0448587955
0.9430000000 	 1.0362937851 	 1.0362937847
0.9550000000 	 1.0280644531 	 1.0280644529
0.9670000000 	 1.0201540505 	 1.0201590150
0.9790000000 	 1.0125635220 	 1.0125663018
0.9910000000 	 1.0052746742 	 1.0052757226
1.0030000000 	 0.9982797031 	 0.9982772301
1.0150000000 	 0.9915619575 	 0.9915612888
1.0270000000 	 0.9851198950 	 0.9851188450
1.0390000000 	 0.9789412979 	 0.9789412984
1.0510000000 	 0.9730204766 	 0.9730204771
1.0630000000 	 0.9673486123 	 0.9673486129
1.0750000000 	 0.9619183183 	 0.9619183189
1.0870000000 	 0.9567225682 	 0.9567225689
1.0990000000 	 0.9517546765 	 0.9517546773
1.1110000000 	 0.9470082804 	 0.9470082812
1.1230000000 	 0.9424773225 	 0.9424773232
1.1350000000 	 0.9381560348 	 0.9381560356
1.1470000000 	 0.9340389241 	 0.9340389249
1.1590000000 	 0.9301207575 	 0.9301207584
1.1710000000 	 0.9263965498 	 0.9263965507
1.1830000000 	 0.9228615506 	 0.9228615515
1.1950000000 	 0.9195112331 	 0.9195112341
1.2070000000 	 0.9163412832 	 0.9163412842
1.2190000000 	 0.9133475892 	 0.9133475902
1.2310000000 	 0.9105262322 	 0.9105262333
1.2430000000 	 0.9078734774 	 0.9078734785
1.2550000000 	 0.9053857651 	 0.9053857662
1.2670000000 	 0.9030597031 	 0.9030597043
1.2790000000 	 0.9008920591 	 0.9008920603
1.2910000000 	 0.8988797534 	 0.8988797547
1.3030000000 	 0.8970198526 	 0.8970198540
1.3150000000 	 0.8953100017 	 0.8953095645
1.3270000000 	 0.8937466199 	 0.8937462263
1.3390000000 	 0.8923276616 	 0.8923273078
1.3510000000 	 0.8910507178 	 0.8910504005
1.3630000000 	 0.8899134976 	 0.8899132134
1.3750000000 	 0.8889138233 	 0.8889135692
1.3870000000 	 0.8880496258 	 0.8880493989
1.3990000000 	 0.8873189406 	 0.8873187385
1.4110000000 	 0.8867199040 	 0.8867197241
1.4230000000 	 0.8862503225 	 0.8862505889
1.4350000000 	 0.8859093687 	 0.8859096589
1.4470000000 	 0.8856952586 	 0.8856953502
1.4590000000 	 0.8856060314 	 0.8856061654
1.4710000000 	 0.8856405180 	 0.8856406908
1.4830000000 	 0.8857973849 	 0.8857975931
1.4950000000 	 0.8860757782 	 0.8860756173
1.5070000000 	 0.8864736755 	 0.8864735836
1.5190000000 	 0.8869904143 	 0.8869903854
1.5310000000 	 0.8876249582 	 0.8876249865
1.5430000000 	 0.8883760766 	 0.8883764194
1.5550000000 	 0.8892439010 	 0.8892437830
1.5670000000 	 0.8902265550 	 0.8902262405
1.5790000000 	 0.8913232974 	 0.8913230181
1.5910000000 	 0.8925336500 	 0.8925334023
1.6030000000 	 0.8938569586 	 0.8938567393
1.6150000000 	 0.8952926264 	 0.8952924326
1.6270000000 	 0.8968401129 	 0.8968399420
1.6390000000 	 0.8984992645 	 0.8984987821
1.6510000000 	 0.9002689498 	 0.9002685206
1.6630000000 	 0.9021491590 	 0.9021487777
1.6750000000 	 0.9041395624 	 0.9041392243
1.6870000000 	 0.9062398806 	 0.9062395813
1.6990000000 	 0.9084504763 	 0.9084496183
1.7110000000 	 0.9107699155 	 0.9107691528
1.7230000000 	 0.9131987255 	 0.9131980489
1.7350000000 	 0.9157368158 	 0.9157362169
1.7470000000 	 0.9183841410 	 0.9183836122
1.7590000000 	 0.9211407002 	 0.9211402346
1.7710000000 	 0.9240065362 	 0.9240061275
1.7830000000 	 0.9269817349 	 0.9269813771
1.7950000000 	 0.9300664242 	 0.9300661122
1.8070000000 	 0.9332607742 	 0.9332605031
1.8190000000 	 0.9365649960 	 0.9365647615
1.8310000000 	 0.9399793414 	 0.9399791395
1.8430000000 	 0.9435041024 	 0.9435039295
1.8550000000 	 0.9471396109 	 0.9471394638
1.8670000000 	 0.9508862382 	 0.9508861139
1.8790000000 	 0.9547443944 	 0.9547442903
1.8910000000 	 0.9587145285 	 0.9587144422
1.9030000000 	 0.9627971278 	 0.9627970572
1.9150000000 	 0.9669927177 	 0.9669926608
1.9270000000 	 0.9713018616 	 0.9713018167
1.9390000000 	 0.9757251604 	 0.9757251259
1.9510000000 	 0.9802632525 	 0.9802632270
1.9630000000 	 0.9849168137 	 0.9849167961
1.9750000000 	 0.9896865571 	 0.9896865462
1.9870000000 	 0.9945732328 	 0.9945732276
1.9990000000 	 0.9995776278 	 0.9995776274
2.0110000000 	 1.0047005663 	 1.0047005700
2.0230000000 	 1.0099429095 	 1.0099429166
2.0350000000 	 1.0153055553 	 1.0153055652
2.0470000000 	 1.0207894388 	 1.0207894510
2.0590000000 	 1.0263955322 	 1.0263955461
2.0710000000 	 1.0321248445 	 1.0321248599
2.0830000000 	 1.0379784223 	 1.0379784387
2.0950000000 	 1.0439573492 	 1.0439573664
2.1070000000 	 1.0500627465 	 1.0500627641
2.1190000000 	 1.0562957728 	 1.0562957907
2.1310000000 	 1.0626576248 	 1.0626576428
2.1430000000 	 1.0691495371 	 1.0691495550
2.1550000000 	 1.0757727823 	 1.0757728000
2.1670000000 	 1.0825286718 	 1.0825286892
2.1790000000 	 1.0894185554 	 1.0894185723
2.1910000000 	 1.0964438220 	 1.0964438385
2.2030000000 	 1.1036058999 	 1.1036059159
2.2150000000 	 1.1109062569 	 1.1109062722
2.2270000000 	 1.1183464006 	 1.1183464154
2.2390000000 	 1.1259278792 	 1.1259278933
2.2510000000 	 1.1336522814 	 1.1336522948
2.2630000000 	 1.1415212370 	 1.1415212497
2.2750000000 	 1.1495364172 	 1.1495364293
2.2870000000 	 1.1576995354 	 1.1576995468
2.2990000000 	 1.1660123471 	 1.1660123579
2.3110000000 	 1.1744766508 	 1.1744766609
2.3230000000 	 1.1830942883 	 1.1830942978
2.3350000000 	 1.1918671453 	 1.1918671542
2.3470000000 	 1.2007971518 	 1.2007971602
2.3590000000 	 1.2098862830 	 1.2098862907
2.3710000000 	 1.2191365592 	 1.2191365665
2.3830000000 	 1.2285500472 	 1.2285500540
2.3950000000 	 1.2381288604 	 1.2381288666
2.4070000000 	 1.2478751594 	 1.2478751652
2.4190000000 	 1.2577911529 	 1.2577911583
2.4310000000 	 1.2678790984 	 1.2678791033
2.4430000000 	 1.2781413025 	 1.2781413071
2.4550000000 	 1.2885801222 	 1.2885801264
2.4670000000 	 1.2991979650 	 1.2991979689
2.4790000000 	 1.3099972901 	 1.3099972937
2.4910000000 	 1.3209806091 	 1.3209806124
2.5030000000 	 1.3321504867 	 1.3321504896
2.5150000000 	 1.3435095414 	 1.3435095441
2.5270000000 	 1.3550604466 	 1.3550604491
2.5390000000 	 1.3668059316 	 1.3668059338
2.5510000000 	 1.3787487818 	 1.3787487838
2.5630000000 	 1.3908918404 	 1.3908918423
2.5750000000 	 1.4032380089 	 1.4032380105
2.5870000000 	 1.4157902480 	 1.4157902495
2.5990000000 	 1.4285515789 	 1.4285515803
2.6110000000 	 1.4415250842 	 1.4415250854
2.6230000000 	 1.4547139085 	 1.4547139096
2.6350000000 	 1.4681212602 	 1.4681212612
2.6470000000 	 1.4817504121 	 1.4817504130
2.6590000000 	 1.4956047025 	 1.4956047032
2.6710000000 	 1.5096875364 	 1.5096875370
2.6830000000 	 1.5240023869 	 1.5240023875
2.6950000000 	 1.5385527960 	 1.5385527965
2.7070000000 	 1.5533423761 	 1.5533423766
2.7190000000 	 1.5683748112 	 1.5683748116
2.7310000000 	 1.5836538579 	 1.5836538582
2.7430000000 	 1.5991833471 	 1.5991833474
2.7550000000 	 1.6149671851 	 1.6149671853
2.7670000000 	 1.6310093549 	 1.6310093551
2.7790000000 	 1.6473139179 	 1.6473139181
2.7910000000 	 1.6638850151 	 1.6638850152
2.8030000000 	 1.6807268684 	 1.6807268684
2.8150000000 	 1.6978437824 	 1.6978437824
2.8270000000 	 1.7152401458 	 1.7152401458
2.8390000000 	 1.7329204330 	 1.7329204330
2.8510000000 	 1.7508892055 	 1.7508892055
2.8630000000 	 1.7691511138 	 1.7691511138
2.8750000000 	 1.7877108990 	 1.7877108989
2.8870000000 	 1.8065733941 	 1.8065733940
2.8990000000 	 1.8257435265 	 1.8257435264
2.9110000000 	 1.8452263191 	 1.8452263190
2.9230000000 	 1.8650268925 	 1.8650268924
2.9350000000 	 1.8851504665 	 1.8851504664
2.9470000000 	 1.9056023624 	 1.9056023623
2.9590000000 	 1.9263880049 	 1.9263880047
2.9710000000 	 1.9475129235 	 1.9475129233
2.9830000000 	 1.9689827553 	 1.9689827552
2.9950000000 	 1.9908032467 	 1.9908032465
3.0070000000 	 2.0129802554 	 2.0129802553
3.0190000000 	 2.0355197528 	 2.0355197526
3.0310000000 	 2.0584278261 	 2.0584278259
3.0430000000 	 2.0817106804 	 2.0817106802
3.0550000000 	 2.1053746414 	 2.1053746412
3.0670000000 	 2.1294261573 	 2.1294261571
3.0790000000 	 2.1538718015 	 2.1538718013
3.0910000000 	 2.1787182750 	 2.1787182747
3.1030000000 	 2.2039724088 	 2.2039724085
3.1150000000 	 2.2296411666 	 2.2296411663
3.1270000000 	 2.2557316473 	 2.2557316470
3.1390000000 	 2.2822510878 	 2.2822510874
3.1510000000 	 2.3092068655 	 2.3092068652
3.1630000000 	 2.3366065016 	 2.3366065013
3.1750000000 	 2.3644576633 	 2.3644576629
3.1870000000 	 2.3927681670 	 2.3927681667
3.1990000000 	 2.4215459817 	 2.4215459813
3.2110000000 	 2.4507992311 	 2.4507992307
3.2230000000 	 2.4805361978 	 2.4805361974
3.2350000000 	 2.5107653254 	 2.5107653250
3.2470000000 	 2.5414952228 	 2.5414952223
3.2590000000 	 2.5727346666 	 2.5727346661
3.2710000000 	 2.6044926050 	 2.6044926045
3.2830000000 	 2.6367781612 	 2.6367781607
3.2950000000 	 2.6696006368 	 2.6696006363
3.3070000000 	 2.7029695156 	 2.7029695151
3.3190000000 	 2.7368944671 	 2.7368944665
3.3310000000 	 2.7713853502 	 2.7713853496
3.3430000000 	 2.8064522175 	 2.8064522169
3.3550000000 	 2.8421053187 	 2.8421053181
3.3670000000 	 2.8783551051 	 2.8783551044
3.3790000000 	 2.9152122332 	 2.9152122324
3.3910000000 	 2.9526875692 	 2.9526875685
3.4030000000 	 2.9907921936 	 2.9907921928
3.4150000000 	 3.0295374048 	 3.0295374039
3.4270000000 	 3.0689347242 	 3.0689347234
3.4390000000 	 3.1089959008 	 3.1089958999
3.4510000000 	 3.1497329154 	 3.1497329144
3.4630000000 	 3.1911579857 	 3.1911579847
3.4750000000 	 3.2332835712 	 3.2332835702
3.4870000000 	 3.2761223782 	 3.2761223771
3.4990000000 	 3.3196873647 	 3.3196873636
3.5110000000 	 3.3639917458 	 3.3639917446
3.5230000000 	 3.4090489989 	 3.4090489977
3.5350000000 	 3.4548728694 	 3.4548728681
3.5470000000 	 3.5014773757 	 3.5014773745
3.5590000000 	 3.5488768157 	 3.5488768144
3.5710000000 	 3.5970857718 	 3.5970857704
3.5830000000 	 3.6461191174 	 3.6461191159
3.5950000000 	 3.6959920226 	 3.6959920211
3.6070000000 	 3.7467199606 	 3.7467199591
3.6190000000 	 3.7983187142 	 3.7983187126
3.6310000000 	 3.8508043817 	 3.8508043800
3.6430000000 	 3.9041933841 	 3.9041933824
3.6550000000 	 3.9585024717 	 3.9585024699
3.6670000000 	 4.0137487308 	 4.0137487289
3.6790000000 	 4.0699495911 	 4.0699495891
3.6910000000 	 4.1271228324 	 4.1271228303
3.7030000000 	 4.1852865927 	 4.1852865906
3.7150000000 	 4.2444593752 	 4.2444593730
3.7270000000 	 4.3046600563 	 4.3046600540
3.7390000000 	 4.3659078930 	 4.3659078907
3.7510000000 	 4.4282218787 	 4.4282225294
3.7630000000 	 4.4916233637 	 4.4916240136
3.7750000000 	 4.5561321444 	 4.5561327926
3.7870000000 	 4.6217690842 	 4.6217697297
3.7990000000 	 4.6885561145 	 4.6885561116
3.8110000000 	 4.7565136597 	 4.7565136568
3.8230000000 	 4.8256645282 	 4.8256645251
3.8350000000 	 4.8960313302 	 4.8960313270
3.8470000000 	 4.9676371367 	 4.9676371334
3.8590000000 	 5.0405054884 	 5.0405054849
3.8710000000 	 5.1146604062 	 5.1146604026
3.8830000000 	 5.1901264015 	 5.1901263978
3.8950000000 	 5.2669284866 	 5.2669284828
3.9070000000 	 5.3450921852 	 5.3450921812
3.9190000000 	 5.4246435437 	 5.4246435395
3.9310000000 	 5.5056091422 	 5.5056091380
3.9430000000 	 5.5880161064 	 5.5880161019
3.9550000000 	 5.6718921184 	 5.6718921139
3.9670000000 	 5.7572654299 	 5.7572654251
3.9790000000 	 5.8441648733 	 5.8441648684
3.9910000000 	 5.9326198751 	 5.9326198701
4.0030000000 	 6.0226604683 	 6.0226604630
4.0150000000 	 6.1143173055 	 6.1143173000
4.0270000000 	 6.2076216724 	 6.2076216667
4.0390000000 	 6.3026055015 	 6.3026054956
4.0510000000 	 6.3993013862 	 6.3993013801
4.0630000000 	 6.4977425949 	 6.4977425886
4.0750000000 	 6.5979630858 	 6.5979630793
4.0870000000 	 6.6999975218 	 6.6999975151
4.0990000000 	 6.8038812862 	 6.8038812792
4.1110000000 	 6.9096504975 	 6.9096504903
4.1230000000 	 7.0173420266 	 7.0173420191
4.1350000000 	 7.1269935120 	 7.1269935043
4.1470000000 	 7.2386433776 	 7.2386433697
4.1590000000 	 7.3523308492 	 7.3523308409
4.1710000000 	 7.4680959720 	 7.4680959635
4.1830000000 	 7.5859796292 	 7.5859796204
4.1950000000 	 7.7060235595 	 7.7060235504
4.2070000000 	 7.8282703764 	 7.8282703670
4.2190000000 	 7.9527635873 	 7.9527635776
4.2310000000 	 8.0795476129 	 8.0795476029
4.2430000000 	 8.2086678077 	 8.2086677974
4.2550000000 	 8.3401704800 	 8.3401704694
4.2670000000 	 8.4741029134 	 8.4741029024
4.2790000000 	 8.6105133880 	 8.6105133766
4.2910000000 	 8.7494512023 	 8.7494511906
4.3030000000 	 8.8909666961 	 8.8909666840
4.3150000000 	 9.0351112730 	 9.0351112606
4.3270000000 	 9.1819374244 	 9.1819374115
4.3390000000 	 9.3314987531 	 9.3314987398
4.3510000000 	 9.4838499983 	 9.4838499846
4.3630000000 	 9.6390470606 	 9.6390470464
4.3750000000 	 9.7971470278 	 9.7971470132
4.3870000000 	 9.9582081862 	 9.9582081862
4.3990000000 	 10.1222901075 	 10.1222901075
4.4110000000 	 10.2894535872 	 10.2894535872
4.4230000000 	 10.4597607318 	 10.4597607318
4.4350000000 	 10.6332749731 	 10.6332749731
4.4470000000 	 10.8100610977 	 10.8100610977
4.4590000000 	 10.9901852774 	 10.9901852774
4.4710000000 	 11.1737150997 	 11.1737150997
4.4830000000 	 11.3607196003 	 11.3607196003
4.4950000000 	 11.5512692945 	 11.5512692945
4.5070000000 	 11.7454362111 	 11.7454362111
4.5190000000 	 11.9432939260 	 11.9432939260
4.5310000000 	 12.1449175969 	 12.1449175969
4.5430000000 	 12.3503839990 	 12.3503839990
4.5550000000 	 12.5597715611 	 12.5597715610
4.5670000000 	 12.7731604029 	 12.7731604029
4.5790000000 	 12.9906323732 	 12.9906323732
4.5910000000 	 13.2122710887 	 13.2122710887
4.6030000000 	 13.4381619739 	 13.4381619739
4.6150000000 	 13.6683923018 	 13.6683923018
4.6270000000 	 13.9030512359 	 13.9030512359
4.6390000000 	 14.1422298725 	 14.1422298725
4.6510000000 	 14.3860212850 	 14.3860212850
4.6630000000 	 14.6345205682 	 14.6345205682
4.6750000000 	 14.8878248841 	 14.8878248841
4.6870000000 	 15.1460335093 	 15.1460335092
4.6990000000 	 15.4092478821 	 15.4092478821
4.7110000000 	 15.6775716527 	 15.6775716527
4.7230000000 	 15.9511107325 	 15.9511107325
4.7350000000 	 16.2299733460 	 16.2299733460
4.7470000000 	 16.5142700836 	 16.5142700836
4.7590000000 	 16.8041139551 	 16.8041139550
4.7710000000 	 17.0996204452 	 17.0996204452
4.7830000000 	 17.4009075699 	 17.4009075699
4.7950000000 	 17.7080959343 	 17.7080959343
4.8070000000 	 18.0213087918 	 18.0213087918
4.8190000000 	 18.3406721047 	 18.3406721047
4.8310000000 	 18.6663146062 	 18.6663146062
4.8430000000 	 18.9983678639 	 18.9983678639
4.8550000000 	 19.3369663448 	 19.3369663448
4.8670000000 	 19.6822474820 	 19.6822474820
4.8790000000 	 20.0343517424 	 20.0343517424
4.8910000000 	 20.3934226972 	 20.3934226971
4.9030000000 	 20.7596070923 	 20.7596070923
4.9150000000 	 21.1330549225 	 21.1330549225
4.9270000000 	 21.5139195055 	 21.5139195055
4.9390000000 	 21.9023575589 	 21.9023575589
4.9510000000 	 22.2985292787 	 22.2985292786
4.9630000000 	 22.7025984194 	 22.7025984194
4.9750000000 	 23.1147323767 	 23.1147323767
4.9870000000 	 23.5351022712 	 23.5351022712
4.9990000000 	 23.9638830351 	 23.9638830351
5.0110000000 	 24.4012535000 	 24.4012535000
5.0230000000 	 24.8473964879 	 24.8473964879
5.0350000000 	 25.3024989035 	 25.3024989035
5.0470000000 	 25.7667518289 	 25.7667518288
5.0590000000 	 26.2403506209 	 26.2403506208
5.0710000000 	 26.7234950103 	 26.7234950103
5.0830000000 	 27.2163892040 	 27.2163892040
5.0950000000 	 27.7192419888 	 27.7192419887
5.1070000000 	 28.2322668384 	 28.2322668384
5.1190000000 	 28.7556820230 	 28.7556820229
5.1310000000 	 29.2897107208 	 29.2897107208
5.1430000000 	 29.8345811331 	 29.8345811331
5.1550000000 	 30.3905266017 	 30.3905266017
5.1670000000 	 30.9577857289 	 30.9577857289
5.1790000000 	 31.5366025010 	 31.5366025010
5.1910000000 	 32.1272264144 	 32.1272264144
5.2030000000 	 32.7299126050 	 32.7299126049
5.2150000000 	 33.3449219801 	 33.3449219801
5.2270000000 	 33.9725213546 	 33.9725213546
5.2390000000 	 34.6129835896 	 34.6129835895
5.2510000000 	 35.2665877343 	 35.2665877343
5.2630000000 	 35.9336191725 	 35.9336191725
5.2750000000 	 36.6143697711 	 36.6143697711
5.2870000000 	 37.3091380333 	 37.3091380332
5.2990000000 	 38.0182292551 	 38.0182292551
5.3110000000 	 38.7419556860 	 38.7419556860
5.3230000000 	 39.4806366929 	 39.4806366929
5.3350000000 	 40.2345989288 	 40.2345989287
5.3470000000 	 41.0041765048 	 41.0041765048
5.3590000000 	 41.7897111674 	 41.7897111674
5.3710000000 	 42.5915524788 	 42.5915524788
5.3830000000 	 43.4100580028 	 43.4100580027
5.3950000000 	 44.2455934944 	 44.2455934943
5.4070000000 	 45.0985330946 	 45.0985330946
5.4190000000 	 45.9692595298 	 45.9692595297
5.4310000000 	 46.8581643157 	 46.8581643156
5.4430000000 	 47.7656479669 	 47.7656479669
5.4550000000 	 48.6921202114 	 48.6921202114
5.4670000000 	 49.6380002098 	 49.6380002097
5.4790000000 	 50.6037167807 	 50.6037167806
5.4910000000 	 51.5897086313 	 51.5897086313
5.5030000000 	 52.5964245936 	 52.5964245936
5.5150000000 	 53.6243238666 	 53.6243238665
5.5270000000 	 54.6738762641 	 54.6738762641
5.5390000000 	 55.7455624694 	 55.7455624694
5.5510000000 	 56.8398742953 	 56.8398742953
5.5630000000 	 57.9573149513 	 57.9573149512
5.5750000000 	 59.0983993168 	 59.0983993167
5.5870000000 	 60.2636542217 	 60.2636542216
5.5990000000 	 61.4536187335 	 61.4536187334
5.6110000000 	 62.6688444516 	 62.6688444515
5.6230000000 	 63.9098958087 	 63.9098958086
5.6350000000 	 65.1773503803 	 65.1773503802
5.6470000000 	 66.4717992012 	 66.4717992012
5.6590000000 	 67.7938470903 	 67.7938470902
5.6710000000 	 69.1441129828 	 69.1441129828
5.6830000000 	 70.5232302721 	 70.5232302720
5.6950000000 	 71.9318471583 	 71.9318471582
5.7070000000 	 73.3706270068 	 73.3706270067
5.7190000000 	 74.8402487156 	 74.8402487155
5.7310000000 	 76.3414070908 	 76.3414070907
5.7430000000 	 77.8748132331 	 77.8748132331
5.7550000000 	 79.4411949324 	 79.4411949323
5.7670000000 	 81.0412970730 	 81.0412970729
5.7790000000 	 82.6758820490 	 82.6758820489
5.7910000000 	 84.3457301899 	 84.3457301898
5.8030000000 	 86.0516401966 	 86.0516401965
5.8150000000 	 87.7944295890 	 87.7944295889
5.8270000000 	 89.5749351639 	 89.5749351638
5.8390000000 	 91.3940134654 	 91.3940134653
5.8510000000 	 93.2525412659 	 93.2525412659
5.8630000000 	 95.1514160608 	 95.1514160607
5.8750000000 	 97.0915565736 	 97.0915565735
5.8870000000 	 99.0739032755 	 99.0739032754
5.8990000000 	 101.0994189172 	 101.0994189171
5.9110000000 	 103.1690890740 	 103.1690890739
5.9230000000 	 105.2839227049 	 105.2839227048
5.9350000000 	 107.4449527260 	 107.4449527260
5.9470000000 	 109.6532365978 	 109.6532365978
5.9590000000 	 111.9098569277 	 111.9098569276
5.9710000000 	 114.2159220874 	 114.2159220873
5.9830000000 	 116.5725668466 	 116.5725668466
5.9950000000 	 118.9809530218 	 118.9809530218
6.0070000000 	 121.4422701421 	 121.4422701420
6.0190000000 	 123.9577361313 	 123.9577361313
6.0310000000 	 126.5285980086 	 126.5285980085
6.0430000000 	 129.1561326048 	 129.1561326048
6.0550000000 	 131.8416472992 	 131.8416472992
6.0670000000 	 134.5864807731 	 134.5864807731
6.0790000000 	 137.3920037836 	 137.3920037836
6.0910000000 	 140.2596199568 	 140.2596199568
6.1030000000 	 143.1907666009 	 143.1907666009
6.1150000000 	 146.1869155404 	 146.1869155404
6.1270000000 	 149.2495739710 	 149.2495739710
6.1390000000 	 152.3802853368 	 152.3802853368
6.1510000000 	 155.5806302296 	 155.5806302296
6.1630000000 	 158.8522273111 	 158.8522273111
6.1750000000 	 162.1967342584 	 162.1967342585
6.1870000000 	 165.6158487346 	 165.6158487346
6.1990000000 	 169.1113093824 	 169.1113093825
6.2110000000 	 172.6848968453 	 172.6848968454
6.2230000000 	 176.3384348130 	 176.3384348131
6.2350000000 	 180.0737910945 	 180.0737910947
6.2470000000 	 183.8928787189 	 183.8928787191
6.2590000000 	 187.7976570634 	 187.7976570636
6.2710000000 	 191.7901330111 	 191.7901330113
6.2830000000 	 195.8723621383 	 195.8723621385
6.2950000000 	 200.0464499319 	 200.0464499322
6.3070000000 	 204.3145530387 	 204.3145530390
6.3190000000 	 208.6788805459 	 208.6788805462
6.3310000000 	 213.1416952955 	 213.1416952958
6.3430000000 	 217.7053152317 	 217.7053152321
6.3550000000 	 222.3721147839 	 222.3721147843
6.3670000000 	 227.1445262839 	 227.1445262843
6.3790000000 	 232.0250414212 	 232.0250414216
6.3910000000 	 237.0162127345 	 237.0162127350
6.4030000000 	 242.1206551429 	 242.1206551435
6.4150000000 	 247.3410475155 	 247.3410475161
6.4270000000 	 252.6801342820 	 252.6801342827
6.4390000000 	 258.1407270855 	 258.1407270862
6.4510000000 	 263.7257064767 	 263.7257064774
6.4630000000 	 269.4380236535 	 269.4380236543
6.4750000000 	 275.2807022442 	 275.2807022451
6.4870000000 	 281.2568401383 	 281.2568401392
6.4990000000 	 287.3696113631 	 287.3696113641
6.5110000000 	 293.6222680109 	 293.6222680119
6.5230000000 	 300.0181422141 	 300.0181422153
6.5350000000 	 306.5606481738 	 306.5606481750
6.5470000000 	 313.2532842389 	 313.2532842403
6.5590000000 	 320.0996350414 	 320.0996350428
6.5710000000 	 327.1033736852 	 327.1033736867
6.5830000000 	 334.2682639934 	 334.2682639950
6.5950000000 	 341.5981628134 	 341.5981628151
6.6070000000 	 349.0970223821 	 349.0970223839
6.6190000000 	 356.7688927531 	 356.7688927551
6.6310000000 	 364.6179242869 	 364.6179242889
6.6430000000 	 372.6483702058 	 372.6483702080
6.6550000000 	 380.8645892166 	 380.8645892190
6.6670000000 	 389.2710482006 	 389.2710482031
6.6790000000 	 397.8723249745 	 397.8723249772
6.6910000000 	 406.6731111237 	 406.6731111265
6.7030000000 	 415.6782149093 	 415.6782149123
6.7150000000 	 424.8925642518 	 424.8925642550
6.7270000000 	 434.3212097923 	 434.3212097957
6.7390000000 	 443.9693280344 	 443.9693280379
6.7510000000 	 453.8422245685 	 453.8422245723
6.7630000000 	 463.9453373809 	 463.9453373849
6.7750000000 	 474.2842402491 	 474.2842402533
6.7870000000 	 484.8646462272 	 484.8646462317
6.7990000000 	 495.6924112224 	 495.6924112271
6.8110000000 	 506.7735376656 	 506.7735376706
6.8230000000 	 518.1141782792 	 518.1141782845
6.8350000000 	 529.7206399431 	 529.7206399487
6.8470000000 	 541.5993876636 	 541.5993876695
6.8590000000 	 553.7570486463 	 553.7570486526
6.8710000000 	 566.2004164769 	 566.2004164834
6.8830000000 	 578.9364554116 	 578.9364554186
6.8950000000 	 591.9723047821 	 591.9723047894
6.9070000000 	 605.3152835155 	 605.3152835233
6.9190000000 	 618.9728947750 	 618.9728947831
6.9310000000 	 632.9528307223 	 632.9528307309
6.9430000000 	 647.2629774071 	 647.2629774161
6.9550000000 	 661.9114197851 	 661.9114197947
6.9670000000 	 676.9064468699 	 676.9064468799
6.9790000000 	 692.2565570204 	 692.2565570310
6.9910000000 	 707.9704633697 	 707.9704633808
