        0     -0.97     0.243         0         0      0.97    -0.243     0.466     0.432    -0.932    -0.865     0.466     0.432 
   0.0605    -0.939     0.269   -0.0566   -0.0522     0.996    -0.216     0.543      0.41    -0.938    -0.857     0.396     0.447 
    0.118    -0.906     0.291    -0.111    -0.101      1.02     -0.19      0.62     0.379    -0.954    -0.836     0.334     0.456 
    0.174    -0.869     0.311    -0.165    -0.147      1.03    -0.165     0.699     0.339    -0.978    -0.801     0.279     0.462 
    0.227     -0.83     0.328    -0.218    -0.188      1.05     -0.14     0.777     0.288     -1.01    -0.753      0.23     0.465 
    0.278    -0.788     0.341     -0.27    -0.225      1.06    -0.116      0.85     0.227     -1.04    -0.693     0.187     0.466 
    0.327    -0.745     0.351    -0.321    -0.257      1.07   -0.0936     0.916     0.157     -1.06    -0.624     0.148     0.467 
    0.373    -0.701     0.356    -0.371    -0.284      1.07   -0.0719     0.975    0.0793     -1.09    -0.547     0.112     0.467 
    0.418    -0.657     0.358     -0.42    -0.307      1.08   -0.0509      1.02  -0.00489      -1.1    -0.462    0.0783     0.467 
    0.462    -0.611     0.356    -0.469    -0.326      1.08   -0.0304      1.06    -0.094     -1.11    -0.373    0.0465     0.467 
    0.505    -0.564      0.35    -0.516     -0.34      1.08   -0.0102      1.09    -0.186      -1.1    -0.281    0.0156     0.467 
    0.548    -0.518      0.34    -0.563     -0.35      1.08   0.00976       1.1    -0.279     -1.09    -0.188   -0.0149     0.467 
    0.591     -0.47     0.326    -0.609    -0.356      1.08    0.0297      1.11     -0.37     -1.06   -0.0971   -0.0454     0.467 
    0.633    -0.423     0.308    -0.654    -0.358      1.08    0.0497       1.1    -0.457     -1.03  -0.00997   -0.0764     0.467 
    0.676    -0.376     0.287    -0.697    -0.357      1.07    0.0697      1.09    -0.538     -0.98    0.0711    -0.108     0.467 
     0.72     -0.33     0.262    -0.738    -0.352      1.07    0.0899      1.07    -0.612    -0.927     0.145    -0.141     0.467 
    0.763    -0.283     0.234    -0.777    -0.344      1.06      0.11      1.04    -0.676    -0.868      0.21    -0.176     0.467 
    0.808    -0.237     0.203    -0.815    -0.334      1.05     0.131      1.02    -0.732    -0.804     0.266    -0.214     0.466 
    0.853    -0.192     0.168     -0.85     -0.32      1.04     0.152     0.992    -0.778    -0.738     0.314    -0.254     0.464 
      0.9    -0.145     0.131    -0.883    -0.305      1.03     0.174     0.969    -0.815     -0.67     0.354    -0.299      0.46 
    0.949   -0.0985      0.09    -0.914    -0.286      1.01     0.196      0.95    -0.842    -0.602     0.387    -0.348     0.455 
        1   -0.0504    0.0466    -0.943    -0.266     0.993     0.219     0.937    -0.859    -0.534     0.413    -0.403     0.446 
     1.05 -0.000952  0.000917     -0.97    -0.244      0.97     0.243     0.932    -0.865    -0.467     0.432    -0.465     0.433 
     1.11      0.05   -0.0462    -0.993     -0.22     0.943     0.266     0.937    -0.859    -0.403     0.446    -0.534     0.413 
     1.16     0.102   -0.0933     -1.01    -0.195     0.912     0.288     0.951     -0.84    -0.344     0.455    -0.608     0.385 
     1.22     0.155    -0.139     -1.03    -0.169     0.876     0.308     0.974    -0.808    -0.289     0.461    -0.685     0.347 
     1.27     0.208    -0.181     -1.05    -0.145     0.837     0.325         1    -0.763    -0.239     0.464    -0.762     0.298 
     1.32      0.26    -0.218     -1.06    -0.121     0.796     0.339      1.03    -0.705    -0.195     0.466    -0.836     0.239 
     1.37     0.311    -0.251     -1.07   -0.0979     0.754     0.349      1.06    -0.638    -0.155     0.467    -0.904     0.171 
     1.42     0.362     -0.28     -1.07    -0.076      0.71     0.356      1.08    -0.562    -0.118     0.467    -0.964    0.0947 
     1.46     0.411    -0.303     -1.08   -0.0549     0.665     0.358       1.1    -0.479   -0.0844     0.467     -1.01    0.0116 
     1.51     0.459    -0.322     -1.08   -0.0343      0.62     0.357      1.11    -0.391   -0.0523     0.467     -1.05   -0.0767 
     1.55     0.507    -0.337     -1.08   -0.0141     0.573     0.351       1.1    -0.299   -0.0213     0.467     -1.08    -0.168 
     1.59     0.554    -0.348     -1.08   0.00588     0.527     0.342      1.09    -0.206    0.0092     0.467      -1.1    -0.261 
     1.64     0.601    -0.355     -1.08    0.0258     0.479     0.329      1.07    -0.114    0.0397     0.467     -1.11    -0.353 
     1.68     0.645    -0.358     -1.08    0.0458     0.432     0.312      1.03   -0.0262    0.0706     0.467      -1.1    -0.441 
     1.72     0.689    -0.357     -1.07    0.0658     0.385     0.291     0.989    0.0562     0.102     0.467     -1.09    -0.523 
     1.77      0.73    -0.353     -1.07     0.086     0.338     0.267     0.937     0.131     0.135     0.467     -1.07    -0.598 
     1.81      0.77    -0.346     -1.06     0.106     0.292      0.24     0.879     0.198      0.17     0.467     -1.05    -0.665 
     1.85     0.808    -0.336     -1.05     0.127     0.246     0.209     0.817     0.256     0.206     0.466     -1.02    -0.722 
      1.9     0.843    -0.323     -1.04     0.148       0.2     0.175     0.751     0.306     0.246     0.464    -0.997     -0.77 
     1.95     0.877    -0.308     -1.03      0.17     0.154     0.138     0.683     0.347      0.29     0.461    -0.973    -0.808 
     1.99     0.908     -0.29     -1.02     0.192     0.107     0.098     0.615     0.381     0.338     0.456    -0.953    -0.837 
     2.04     0.938     -0.27    -0.997     0.215    0.0597    0.0551     0.547     0.408     0.392     0.448    -0.939    -0.856 
      2.1     0.965    -0.248    -0.975     0.238    0.0105   0.00981      0.48     0.429     0.453     0.436    -0.933    -0.865 
     2.15     0.989    -0.224    -0.949     0.261   -0.0402   -0.0371     0.415     0.444      0.52     0.417    -0.935    -0.861 
     2.21      1.01    -0.199    -0.918     0.284   -0.0922   -0.0844     0.355     0.454     0.593     0.391    -0.948    -0.845 
     2.26      1.03    -0.174    -0.883     0.304    -0.145     -0.13     0.299      0.46      0.67     0.355    -0.969    -0.815 
     2.32      1.04    -0.149    -0.845     0.322    -0.198    -0.173     0.248     0.464     0.748     0.308    -0.996    -0.772 
     2.37      1.05    -0.125    -0.804     0.337     -0.25    -0.212     0.203     0.466     0.823     0.251     -1.03    -0.717 
     2.42      1.06    -0.102    -0.762     0.348    -0.302    -0.245     0.162     0.467     0.892     0.185     -1.05    -0.652 
     2.46      1.07   -0.0801    -0.718     0.355    -0.352    -0.274     0.125     0.467     0.954      0.11     -1.08    -0.577 
     2.51      1.08   -0.0589    -0.674     0.358    -0.401    -0.299    0.0906     0.467      1.01     0.028      -1.1    -0.495 
     2.55      1.08   -0.0382    -0.628     0.357     -0.45    -0.319    0.0583     0.467      1.05   -0.0595     -1.11    -0.408 
      2.6      1.08    -0.018    -0.582     0.353    -0.498    -0.335    0.0271     0.467      1.08    -0.151     -1.11    -0.317 
     2.64      1.08   0.00205    -0.535     0.344    -0.545    -0.346  -0.00345     0.467       1.1    -0.243      -1.1    -0.224 
     2.68      1.08     0.022    -0.488     0.332    -0.592    -0.354   -0.0339     0.467      1.11    -0.336     -1.07    -0.132 
     2.73      1.08    0.0419    -0.441     0.316    -0.637    -0.357   -0.0647     0.467      1.11    -0.425     -1.04   -0.0427 
     2.77      1.07    0.0619    -0.394     0.296     -0.68    -0.357   -0.0962     0.467      1.09    -0.508    -0.999    0.0409 
     2.81      1.07     0.082    -0.347     0.272    -0.722    -0.354    -0.129     0.467      1.08    -0.585    -0.948     0.117 
     2.85      1.06     0.102    -0.301     0.245    -0.762    -0.347    -0.163     0.467      1.05    -0.653    -0.891     0.186 
      2.9      1.06     0.123    -0.255     0.215      -0.8    -0.338    -0.199     0.466      1.03    -0.712    -0.829     0.246 
     2.94      1.05     0.144    -0.209     0.182    -0.836    -0.326    -0.238     0.465         1    -0.762    -0.764     0.297 
     2.99      1.03     0.165    -0.163     0.145     -0.87    -0.311    -0.281     0.462     0.978    -0.802    -0.697      0.34 
     3.04      1.02     0.188    -0.117     0.106    -0.902    -0.293    -0.329     0.457     0.957    -0.833    -0.628     0.375 
     3.09         1      0.21    -0.069    0.0636    -0.932    -0.274    -0.381      0.45     0.941    -0.854     -0.56     0.404 
     3.14     0.979     0.234   -0.0201    0.0187    -0.959    -0.252    -0.441     0.439     0.933    -0.864    -0.493     0.425 
      3.2     0.954     0.257    0.0303    -0.028    -0.984    -0.229    -0.507     0.421     0.934    -0.863    -0.428     0.441 
     3.25     0.924     0.279    0.0821   -0.0753     -1.01    -0.204    -0.579     0.397     0.945    -0.849    -0.366     0.452 
     3.31      0.89       0.3     0.135    -0.122     -1.02    -0.179    -0.656     0.363     0.965    -0.822    -0.309     0.459 
     3.36     0.852     0.319     0.188    -0.165     -1.04    -0.154    -0.733     0.318     0.991    -0.782    -0.257     0.463 
     3.41     0.812     0.334      0.24    -0.204     -1.05     -0.13    -0.809     0.263      1.02    -0.729    -0.211     0.466 
     3.46      0.77     0.346     0.292    -0.239     -1.06    -0.106     -0.88     0.198      1.05    -0.665     -0.17     0.467 
     3.51     0.727     0.353     0.342    -0.269     -1.07   -0.0843    -0.943     0.125      1.07    -0.592    -0.132     0.467 
     3.55     0.682     0.357     0.392    -0.294     -1.07   -0.0629    -0.997    0.0443      1.09    -0.512   -0.0972     0.467 
      3.6     0.637     0.357     0.441    -0.315     -1.08   -0.0422     -1.04   -0.0422      1.11    -0.425   -0.0646     0.467 
     3.64     0.591     0.354     0.489    -0.332     -1.08   -0.0219     -1.07    -0.133      1.11    -0.335   -0.0332     0.467 
     3.69     0.544     0.346     0.536    -0.344     -1.08  -0.00184      -1.1    -0.226       1.1    -0.242   -0.0026     0.467 
     3.73     0.497     0.334     0.583    -0.352     -1.08    0.0181     -1.11    -0.318      1.08    -0.149    0.0278     0.467 
     3.77      0.45     0.319     0.628    -0.357     -1.08     0.038     -1.11    -0.408      1.05   -0.0595    0.0585     0.467 
     3.81     0.403       0.3     0.672    -0.358     -1.07     0.058      -1.1    -0.493      1.01    0.0253    0.0898     0.467 
     3.86     0.356     0.277     0.714    -0.355     -1.07    0.0781     -1.08    -0.571     0.959     0.103     0.122     0.467 
      3.9      0.31     0.251     0.755    -0.349     -1.06    0.0983     -1.06     -0.64     0.903     0.173     0.156     0.467 
     3.94     0.264     0.221     0.793     -0.34     -1.06     0.119     -1.03    -0.701     0.842     0.235     0.192     0.466 
     3.99     0.218     0.188     0.829    -0.328     -1.05      0.14     -1.01    -0.753     0.777     0.288      0.23     0.465 
     4.03     0.172     0.153     0.864    -0.314     -1.04     0.161    -0.983    -0.795      0.71     0.332     0.272     0.463 
     4.08     0.126     0.114     0.896    -0.297     -1.02     0.183    -0.961    -0.828     0.642     0.369     0.319     0.458 
     4.13    0.0784     0.072     0.926    -0.278        -1     0.206    -0.944     -0.85     0.573     0.399      0.37     0.452 
     4.18    0.0298    0.0276     0.954    -0.257    -0.984     0.229    -0.934    -0.863     0.506     0.422     0.428     0.441 
     4.24   -0.0203   -0.0188     0.979    -0.233    -0.959     0.252    -0.933    -0.864      0.44     0.439     0.493     0.425 
     4.29   -0.0718   -0.0661         1    -0.209     -0.93     0.275    -0.942    -0.853     0.378     0.451     0.564     0.402 
     4.35    -0.124    -0.113      1.02    -0.184    -0.897     0.296     -0.96    -0.828      0.32     0.458      0.64      0.37 
      4.4    -0.177    -0.157      1.04    -0.159     -0.86     0.315    -0.985    -0.791     0.267     0.463     0.718     0.328 
     4.46     -0.23    -0.197      1.05    -0.134     -0.82     0.331     -1.01     -0.74      0.22     0.465     0.794     0.275 
     4.51    -0.282    -0.233      1.06    -0.111    -0.778     0.344     -1.04    -0.679     0.178     0.467     0.866     0.212 
     4.55    -0.332    -0.264      1.07   -0.0884    -0.735     0.352     -1.07    -0.607     0.139     0.467     0.931      0.14 
      4.6    -0.382     -0.29      1.07   -0.0669    -0.691     0.357     -1.09    -0.528     0.104     0.467     0.987    0.0607 
     4.64    -0.431    -0.312      1.08    -0.046    -0.646     0.358      -1.1    -0.443    0.0709     0.467      1.03   -0.0248 
     4.69    -0.479    -0.329      1.08   -0.0257      -0.6     0.355     -1.11    -0.353    0.0394     0.467      1.07    -0.115 
     4.73    -0.527    -0.342      1.08  -0.00559    -0.554     0.348      -1.1     -0.26   0.00865     0.467      1.09    -0.207 
     4.77    -0.574    -0.351      1.08    0.0144    -0.507     0.337     -1.08    -0.167   -0.0218     0.467      1.11      -0.3 
     4.82    -0.619    -0.356      1.08    0.0343    -0.459     0.322     -1.06    -0.077   -0.0524     0.467      1.11     -0.39 
     4.86    -0.663    -0.358      1.08    0.0543    -0.412     0.304     -1.02   0.00898   -0.0836     0.467       1.1    -0.476 
      4.9    -0.706    -0.356      1.07    0.0743    -0.365     0.281    -0.969    0.0884    -0.116     0.467      1.08    -0.556 
     4.94    -0.747     -0.35      1.07    0.0945    -0.319     0.256    -0.914      0.16    -0.149     0.467      1.06    -0.627 
     4.99    -0.786    -0.342      1.06     0.115    -0.273     0.227    -0.854     0.223    -0.185     0.467      1.04     -0.69 
     5.03    -0.822    -0.331      1.05     0.136    -0.227     0.195     -0.79     0.278    -0.223     0.465      1.01    -0.743 
     5.08    -0.857    -0.317      1.04     0.157    -0.181      0.16    -0.723     0.324    -0.264     0.463     0.987    -0.787 
     5.13     -0.89    -0.301      1.02     0.179    -0.135     0.122    -0.655     0.363    -0.309     0.459     0.965    -0.822 
     5.18     -0.92    -0.282      1.01     0.202   -0.0877    0.0804    -0.587     0.393     -0.36     0.453     0.947    -0.847 
     5.23    -0.949    -0.261     0.988     0.225   -0.0394    0.0365    -0.519     0.418    -0.417     0.444     0.936    -0.861 
     5.28    -0.975    -0.238     0.964     0.248    0.0104  -0.00962    -0.453     0.436     -0.48     0.429     0.933    -0.865 
     5.34    -0.998    -0.214     0.936     0.271    0.0616   -0.0568     -0.39     0.448     -0.55     0.407      0.94    -0.856 
     5.39     -1.02    -0.189     0.904     0.293     0.114    -0.104    -0.331     0.457    -0.625     0.377     0.956    -0.834 
     5.45     -1.03    -0.164     0.867     0.312     0.167    -0.148    -0.277     0.462    -0.703     0.337      0.98    -0.799 
      5.5     -1.05    -0.139     0.828     0.329      0.22     -0.19    -0.229     0.465     -0.78     0.286      1.01    -0.751 
     5.55     -1.06    -0.115     0.787     0.342     0.272    -0.226    -0.185     0.467    -0.852     0.225      1.04    -0.691 
      5.6     -1.07   -0.0929     0.744     0.351     0.323    -0.258    -0.146     0.467    -0.919     0.155      1.07    -0.622 
     5.64     -1.07   -0.0712       0.7     0.356     0.373    -0.285    -0.111     0.467    -0.977    0.0766      1.09    -0.544 
     5.69     -1.08   -0.0502     0.655     0.358     0.422    -0.308   -0.0772     0.467     -1.02  -0.00783       1.1     -0.46 
     5.73     -1.08   -0.0298     0.609     0.356      0.47    -0.326   -0.0454     0.467     -1.06    -0.097      1.11     -0.37 
     5.78     -1.08  -0.00964     0.563      0.35     0.518     -0.34   -0.0146     0.467     -1.09    -0.189       1.1    -0.278 
     5.82     -1.08    0.0103     0.516     0.339     0.565     -0.35    0.0159     0.467      -1.1    -0.282      1.09    -0.185 
     5.86     -1.08    0.0303     0.469     0.325      0.61    -0.356    0.0465     0.467     -1.11    -0.373      1.06   -0.0942 
      5.9     -1.08    0.0502     0.421     0.308     0.655    -0.358    0.0775     0.467      -1.1     -0.46      1.02  -0.00723 
     5.95     -1.07    0.0703     0.374     0.286     0.698    -0.356     0.109     0.467     -1.09    -0.541     0.979    0.0736 
     5.99     -1.07    0.0904     0.328     0.261     0.739    -0.352     0.143     0.467     -1.07    -0.614     0.925     0.147 
        6     -1.07    0.0951     0.317     0.255     0.748     -0.35      0.15     0.467     -1.06     -0.63     0.912     0.162 
